Tile ID						Power estimation

0						0.0102711
1						0.0230428
2						0.0293169
3						0.0308503
4						0.0312424
5						0.0345028
6						0.0219576
7						0.0133872
8						0.0149553
9						0.0164217
10						0.0163369
11						0.00481061
12						0.00235338
13						0.0111573
14						0.0104544
15						0.000178351
16						0.00426488
17						0.00200596
18						0.00173159
19						0.00141197
20						0.00129885
21						0.000950046
22						0.000564356
23						0.000234673
24						0.00315363
25						0.00155312
26						0.00157184
27						0.00133651
28						0.00113867
29						0.000837489
30						0.000460843
31						0.000140804
32						0.00227814
33						0.00125754
34						0.00122932
35						0.00123297
36						0.000978892
37						0.000780882
38						0.000507835
39						0.00015019
40						0.00143988
41						0.0011763
42						0.00104446
43						0.000978778
44						0.000978692
45						0.000677398
46						0.000385748
47						0.000159577
48						0.000630521
49						0.000592859
50						0.000752607
51						0.000682967
52						0.000659608
53						0.000639736
54						0.000413937
55						0.000131417
56						0.000310339
57						0.000300723
58						0.000282121
59						0.000357273
60						0.000357216
61						0.000357273
62						0.000357216
63						0.000168964


Total Netwok Power(In Watt):0.316145