Tile	Output		Total no.	Total no.	avg. latency	avg. latency	average
ID	channel		of packets	of flits	per packet	per flit	throughput
							(clock cycles)	(clock cycles)	(Gbps)
0	South		0		0		0		0		0
0	East		1063		3190		13		4.33197		12.7702
0	Core		18		54		8		2.66667		0.260744
1	South		0		0		0		0		0
1	East		1051		3154		7.13511		2.37762		12.6337
1	West		0		0		0		0		0
1	Core		1399		4197		8.47177		2.82392		16.908
2	South		664		1994		7.8253		2.60582		8.01769
2	East		1057		3174		7.94797		2.64682		12.7316
2	West		1378		4138		7.24819		2.41373		16.6704
2	Core		10		30		8		2.66667		0.135211
3	South		133		399		6.78195		2.26065		1.60048
3	East		1070		3212		7.98131		2.65878		12.8918
3	West		2045		6135		8.51491		2.8383		24.6287
3	Core		18		54		8		2.66667		0.239388
4	South		0		0		0		0		0
4	East		1055		3168		7.95261		2.64836		12.7216
4	West		2178		6542		9.94123		3.30969		26.231
4	Core		32		96		8		2.66667		0.419168
5	South		1036		3109		7.97394		2.65712		12.496
5	East		17		51		8		2.66667		0.250861
5	West		2182		6546		33.4322		11.1441		26.2076
5	Core		18		54		8		2.66667		0.226795
6	South		0		0		0		0		0
6	East		20		60		8.05		2.68333		0.28169
6	West		2049		6153		32.3626		10.777		24.6539
6	Core		17		51		8		2.66667		0.250861
7	South		0		0		0		0		0
7	West		1385		4158		42.9625		14.3105		16.652
7	Core		20		60		8		2.66667		0.28169
8	North		39		117		36.3333		12.1111		0.508475
8	South		453		1360		35.8543		11.9426		5.46459
8	East		1082		3248		36.4917		12.1564		13.005
8	Core		0		0		0		0		0
9	North		10		30		7.5		2.5		0.135272
9	South		106		320		7.5		2.48438		1.30028
9	East		940		2820		7.48404		2.49468		11.2969
9	West		0		0		0		0		0
9	Core		689		2067		8.44702		2.81567		8.31122
10	North		18		54		7.44444		2.48148		0.239388
10	South		78		234		7.39744		2.46581		0.956371
10	East		378		1134		7.54497		2.51499		4.5689
10	West		664		1993		7.8253		2.60713		8.01367
10	Core		597		1793		9.69514		3.22811		7.2008
11	North		32		96		7.625		2.54167		0.419214
11	South		72		216		7.69444		2.56481		0.884974
11	East		250		750		7.876		2.62533		3.02176
11	West		133		399		8		2.66667		1.60048
11	Core		24		72		8		2.66667		0.311015
12	North		18		54		7.83333		2.61111		0.226795
12	South		66		198		7.81818		2.60606		0.804224
12	East		149		447		7.88591		2.62864		1.80898
12	West		0		0		0		0		0
12	Core		17		51		8		2.66667		0.292767
13	North		17		51		7.82353		2.60784		0.250861
13	South		35		105		7.91429		2.6381		0.459117
13	East		1114		3344		7.97487		2.6567		13.4486
13	West		0		0		0		0		0
13	Core		18		54		8		2.66667		0.255803
14	North		20		60		7.4		2.46667		0.281657
14	South		25		75		7.96		2.65333		0.316991
14	East		19		57		7.63158		2.54386		0.248447
14	West		0		0		0		0		0
14	Core		1048		3147		8		2.66412		12.6742
15	North		0		0		0		0		0
15	South		0		0		0		0		0
15	West		0		0		0		0		0
15	Core		19		57		8		2.66667		0.248474
16	North		0		0		0		0		0
16	South		335		1005		7.75224		2.58408		4.04264
16	East		107		321		7.64486		2.54829		1.30276
16	Core		11		33		8		2.66667		0.144294
17	North		0		0		0		0		0
17	South		91		273		7.93407		2.64469		1.10795
17	East		106		318		7.99057		2.66352		1.29216
17	West		0		0		0		0		0
17	Core		16		48		8		2.66667		0.235988
18	North		0		0		0		0		0
18	South		76		228		8.01316		2.67105		0.926453
18	East		78		234		8		2.66667		0.956273
18	West		0		0		0		0		0
18	Core		30		90		8		2.66667		0.381194
19	North		0		0		0		0		0
19	South		66		198		8		2.66667		0.809154
19	East		72		216		8		2.66667		0.884883
19	West		0		0		0		0		0
19	Core		12		36		8		2.66667		0.15625
20	North		0		0		0		0		0
20	South		55		165		7.96364		2.65455		0.675952
20	East		66		198		8		2.66667		0.804224
20	West		0		0		0		0		0
20	Core		17		51		8		2.66667		0.221932
21	North		0		0		0		0		0
21	South		34		102		7.97059		2.65686		0.414297
21	East		35		105		8		2.66667		0.459117
21	West		0		0		0		0		0
21	Core		32		96		8		2.66667		0.45955
22	North		0		0		0		0		0
22	South		15		45		8		2.66667		0.196764
22	East		25		75		8		2.66667		0.316991
22	West		0		0		0		0		0
22	Core		20		60		8		2.66667		0.292969
23	North		0		0		0		0		0
23	South		0		0		0		0		0
23	West		0		0		0		0		0
23	Core		25		75		8		2.66667		0.316991
24	North		0		0		0		0		0
24	South		242		726		7.83058		2.61019		2.92035
24	East		74		222		7.62162		2.54054		0.900243
24	Core		19		57		8		2.66667		0.248393
25	North		0		0		0		0		0
25	South		59		177		7.98305		2.66102		0.717762
25	East		91		273		8.01099		2.67033		1.10795
25	West		0		0		0		0		0
25	Core		15		45		8		2.66667		0.229592
26	North		0		0		0		0		0
26	South		72		216		7.97222		2.65741		0.876623
26	East		76		228		7.96053		2.65351		0.926453
26	West		0		0		0		0		0
26	Core		19		57		8		2.66667		0.288462
27	North		0		0		0		0		0
27	South		59		177		8.0339		2.67797		0.71922
27	East		66		198		8		2.66667		0.809154
27	West		0		0		0		0		0
27	Core		17		51		8		2.66667		0.221571
28	North		0		0		0		0		0
28	South		45		135		7.97778		2.65926		0.575448
28	East		55		165		8		2.66667		0.675952
28	West		0		0		0		0		0
28	Core		21		63		8		2.66667		0.290725
29	North		0		0		0		0		0
29	South		38		114		7.97368		2.65789		0.50154
29	East		34		102		8		2.66667		0.414297
29	West		0		0		0		0		0
29	Core		17		51		8		2.66667		0.208931
30	North		0		0		0		0		0
30	South		16		48		7.9375		2.64583		0.215343
30	East		15		45		8		2.66667		0.196764
30	West		0		0		0		0		0
30	Core		18		54		8		2.66667		0.222314
31	North		0		0		0		0		0
31	South		0		0		0		0		0
31	West		0		0		0		0		0
31	Core		15		45		8		2.66667		0.196764
32	North		0		0		0		0		0
32	South		153		459		7.91503		2.63834		1.86813
32	East		75		225		7.82667		2.60889		0.905888
32	Core		14		42		8		2.66667		0.19039
33	North		0		0		0		0		0
33	South		63		189		7.98413		2.66138		0.804255
33	East		59		177		8		2.66667		0.717762
33	West		0		0		0		0		0
33	Core		11		34		8		2.58824		0.20056
34	North		0		0		0		0		0
34	South		48		144		7.97917		2.65972		0.585366
34	East		72		216		8.01389		2.6713		0.876623
34	West		0		0		0		0		0
34	Core		10		31		8		2.58065		0.139013
35	North		0		0		0		0		0
35	South		56		168		7.98214		2.66071		0.681818
35	East		59		177		7.94915		2.64972		0.71922
35	West		0		0		0		0		0
35	Core		16		48		8		2.66667		0.20202
36	North		0		0		0		0		0
36	South		48		144		8.02083		2.67361		0.592837
36	East		45		135		8		2.66667		0.575448
36	West		0		0		0		0		0
36	Core		11		33		8		2.66667		0.140905
37	North		0		0		0		0		0
37	South		24		72		8		2.66667		0.306905
37	East		38		114		8		2.66667		0.50154
37	West		0		0		0		0		0
37	Core		21		63		8		2.66667		0.28754
38	North		0		0		0		0		0
38	South		17		51		8		2.66667		0.23416
38	East		16		48		8		2.66667		0.215343
38	West		0		0		0		0		0
38	Core		21		63		8		2.66667		0.284681
39	North		0		0		0		0		0
39	South		0		0		0		0		0
39	West		0		0		0		0		0
39	Core		16		48		8		2.66667		0.215343
40	North		0		0		0		0		0
40	South		67		201		7.89552		2.63184		0.845604
40	East		62		186		7.91935		2.63979		0.763233
40	Core		24		72		8		2.66667		0.29472
41	North		0		0		0		0		0
41	South		40		120		7.95		2.65		0.492409
41	East		63		189		8		2.66667		0.804255
41	West		0		0		0		0		0
41	Core		22		66		8		2.66667		0.29713
42	North		0		0		0		0		0
42	South		40		120		7.95		2.65		0.512601
42	East		48		144		8		2.66667		0.585366
42	West		0		0		0		0		0
42	Core		23		69		8		2.66667		0.30477
43	North		0		0		0		0		0
43	South		33		99		7.9697		2.65657		0.404577
43	East		56		168		8.01786		2.67262		0.681818
43	West		0		0		0		0		0
43	Core		15		45		8		2.66667		0.184351
44	North		0		0		0		0		0
44	South		38		114		7.97368		2.65789		0.486763
44	East		48		144		7.95833		2.65278		0.592837
44	West		0		0		0		0		0
44	Core		18		54		8		2.66667		0.226225
45	North		0		0		0		0		0
45	South		30		90		8.03333		2.67778		0.40107
45	East		24		72		8		2.66667		0.306905
45	West		0		0		0		0		0
45	Core		18		54		8		2.66667		0.222314
46	North		0		0		0		0		0
46	South		14		42		7.92857		2.64286		0.179028
46	East		17		51		8		2.66667		0.23416
46	West		0		0		0		0		0
46	Core		10		30		8		2.66667		0.179641
47	North		0		0		0		0		0
47	South		0		0		0		0		0
47	West		0		0		0		0		0
47	Core		17		51		8		2.66667		0.23416
48	North		0		0		0		0		0
48	South		33		99		7.9697		2.65657		0.42654
48	East		23		69		7.91304		2.63768		0.292994
48	Core		11		33		8		2.66667		0.166583
49	North		0		0		0		0		0
49	South		12		36		8		2.66667		0.162896
49	East		40		120		8.025		2.675		0.492409
49	West		0		0		0		0		0
49	Core		11		33		8		2.66667		0.143043
50	North		0		0		0		0		0
50	South		18		54		8		2.66667		0.257143
50	East		40		120		8		2.66667		0.512601
50	West		0		0		0		0		0
50	Core		22		66		8		2.66667		0.279424
51	North		0		0		0		0		0
51	South		20		60		8		2.66667		0.308008
51	East		32		97		8		2.63918		0.399341
51	West		0		0		0		0		0
51	Core		20		60		8		2.66667		0.256301
52	North		0		0		0		0		0
52	South		18		54		7.94444		2.64815		0.256532
52	East		38		114		8		2.66667		0.486763
52	West		0		0		0		0		0
52	Core		14		42		8		2.66667		0.172911
53	North		0		0		0		0		0
53	South		20		60		8		2.66667		0.256191
53	East		30		90		7.96667		2.65556		0.40107
53	West		0		0		0		0		0
53	Core		18		54		8		2.66667		0.276356
54	North		0		0		0		0		0
54	South		18		54		8		2.66667		0.240642
54	East		14		42		8		2.66667		0.179028
54	West		0		0		0		0		0
54	Core		12		36		8		2.66667		0.234681
55	North		0		0		0		0		0
55	South		0		0		0		0		0
55	West		0		0		0		0		0
55	Core		14		42		8		2.66667		0.179028
56	North		0		0		0		0		0
56	East		20		60		7.95		2.65		0.264434
56	Core		13		39		8		2.66667		0.171203
57	North		0		0		0		0		0
57	East		12		36		8		2.66667		0.162896
57	West		0		0		0		0		0
57	Core		20		60		8		2.66667		0.264434
58	North		0		0		0		0		0
58	East		18		54		8		2.66667		0.257143
58	West		0		0		0		0		0
58	Core		12		36		8		2.66667		0.162896
59	North		0		0		0		0		0
59	East		20		60		8		2.66667		0.308008
59	West		0		0		0		0		0
59	Core		18		54		8		2.66667		0.257143
60	North		0		0		0		0		0
60	East		18		54		8		2.66667		0.256532
60	West		0		0		0		0		0
60	Core		20		60		8		2.66667		0.308008
61	North		0		0		0		0		0
61	East		20		60		8		2.66667		0.256191
61	West		0		0		0		0		0
61	Core		18		54		8		2.66667		0.256532
62	North		0		0		0		0		0
62	East		18		54		8		2.66667		0.240642
62	West		0		0		0		0		0
62	Core		20		60		8		2.66667		0.256191
63	North		0		0		0		0		0
63	West		0		0		0		0		0
63	Core		18		54		8		2.66667		0.240642

Overall average latency per channel (in clock cycles per flit) = 4.76968

Overall average latency per channel(in clock cycles per packet) = 14.3163

Overall average latency (in clock cycles per flit) = 98.2391

Total Flits Generated = 14486
Total Flits Received = 14333
