Tile ID						Power estimation

0						0.00394499
1						0.00392604
2						0
3						0
4						0
5						0
6						0
7						0
8						0
9						0
10						0.00390117
11						0.00387083
12						0.00384012
13						0.00381235
14						0.00378862
15						0.00377037
16						0.00374625
17						0
18						0
19						0
20						0
21						0
22						0
23						0
24						0
25						0.00371701
26						0
27						0
28						0
29						0
30						0
31						0
32						0
33						0
34						0.00737308
35						0.00372041
36						0
37						0
38						0
39						0
40						0
41						0
42						0
43						0
44						0
45						0
46						0
47						0
48						0
49						0
50						0
51						0
52						0
53						0
54						0
55						0
56						0
57						0
58						0
59						0
60						0
61						0
62						0
63						0
64						0
65						0
66						0
67						0
68						0
69						0
70						0
71						0
72						0
73						0
74						0
75						0
76						0
77						0
78						0
79						0
80						0


Total Netwok Power(In Watt):0.0494112