Tile ID						Power estimation

0						0.0105264
1						0.0108989
2						0.0106649
3						0.000329112
4						0.000394878
5						0.000328913
6						0.0100331
7						0.0136002
8						0.0270164
9						0.0308838
10						0.0163729
11						0.00139291
12						0.000639679
13						0.00991988
14						0.000159577
15						0.00480777
16						0.00168474
17						0.00127066
18						0.000950332
19						0.000564384
20						0.000206512
21						0.000206512
22						0.0034144
23						0.00152476
24						0.00133651
25						0.000922085
26						0.000564184
27						0.000178351
28						0.00015019
29						0.00229262
30						0.00112917
31						0.0011858
32						0.000969248
33						0.000470258
34						0.000140804
35						0.000214331
36						0.00144328
37						0.000799628
38						0.000724418
39						0.000824341
40						0.000612359
41						0.000159577
42						0.000197125
43						0.000545553
44						0.000385519
45						0.000385377
46						0.000394935
47						0.000488918
48						0.000262833


Total Netwok Power(In Watt):0.174569