#Simcount		average latency
1		0
2		0
3		0
4		0
5		0
6		0
7		0
8		0
9		0
10		0
11		0
12		0
13		0
14		0
15		0
16		0
17		0
18		0
19		0
20		10
21		0
22		0
23		0
24		8
25		0
26		0
27		0
28		8
29		10.6667
30		8
31		0
32		8
33		0
34		0
35		6
36		14
37		7.8
38		8
39		0
40		10
41		0
42		12
43		7
44		9
45		8
46		8
47		7
48		8
49		12.25
50		8
51		9.5
52		7.5
53		7.33333
54		0
55		0
56		11
57		7.75
58		7.5
59		0
60		8
61		9.5
62		13
63		7
64		8
65		9.66667
66		9
67		0
68		12
69		11.6
70		8
71		8.5
72		7
73		8
74		10
75		6
76		14.6
77		7.5
78		0
79		8
80		10
81		9.66667
82		10.3333
83		12.5
84		8
85		8.66667
86		17
87		0
88		12
89		11.2
90		13.25
91		13
92		12
93		8
94		8
95		0
96		10.5
97		7.5
98		8
99		10.6667
100		16
101		12
102		11.5
103		0
104		8
105		8.5
106		8
107		7
108		12.6667
109		11.6
110		8
111		0
112		18
113		8
114		10
115		7
116		14.75
117		8
118		6
119		0
120		8
121		11
122		13.4
123		7.5
124		8
125		8.33333
126		8
127		0
128		10.6667
129		12.8333
130		8
131		8.5
132		10
133		8
134		13
135		6
136		16
137		7.5
138		9
139		8
140		8
141		11.2
142		13.8
143		8
144		0
145		8.33333
146		8
147		0
148		12.6667
149		12.4
150		7.66667
151		9
152		0
153		8
154		10
155		6
156		16
157		12.3333
158		8
159		8
160		0
161		10.3333
162		15.25
163		8
164		14.5
165		8.5
166		8
167		11
168		16
169		14.25
170		8
171		0
172		8
173		9.5
174		8.5
175		8
176		21
177		8
178		30
179		0
180		11
181		8.66667
182		16.6667
183		7
184		18
185		8
186		0
187		0
188		8.75
189		16.6667
190		8
191		8
192		0
193		8
194		22.5
195		0
196		17
197		8
198		8
199		0
200		6
201		15.75
202		22
203		7
204		8
205		16
206		0
207		0
208		9.5
209		13.6
210		0
211		8
212		22
213		8.5
214		10
215		0
216		23
217		8
218		9
219		0
220		7
221		16.25
222		18.3333
223		0
224		8
225		8.33333
226		8
227		0
228		17.3333
229		15.25
230		0
231		0
232		0
233		8.6
234		38
235		6
236		18.6667
237		8
238		9
239		37
240		0
241		7.5
242		24
243		8
244		7.5
245		8
246		8
247		0
248		19
249		18
250		8
251		0
252		18
253		8.66667
254		0
255		0
256		24
257		8.25
258		9
259		17
260		10
261		16
262		0
263		41
264		0
265		8.25
266		9
267		8
268		24
269		14.2
270		8
271		0
272		0
273		9.33333
274		9.5
275		42
276		24
277		8
278		8
279		0
280		27
281		8
282		24
283		0
284		9.75
285		8.66667
286		9.66667
287		0
288		8
289		8
290		44
291		42
292		7.5
293		9.14286
294		8
295		13
296		0
297		20.3333
298		8
299		0
300		19.5
301		8
302		8
303		8
304		29
305		7.66667
306		11.3333
307		6
308		8
309		18
310		19.3333
311		0
312		8
313		9.66667
314		8.5
315		8
316		27
317		17
318		8
319		0
320		15
321		7.8
322		20.6667
323		7
324		24.5
325		7
326		11.5
327		7.5
328		24
329		15.8
330		8.33333
331		7.5
332		0
333		8.5
334		17.6667
335		8
336		16.5
337		7.75
338		0
339		8
340		13
341		7.75
342		19.3333
343		39
344		8
345		9.66667
346		0
347		6.5
348		8
349		17.25
350		8
351		0
352		0
353		8
354		44
355		8
356		20
357		8
358		0
359		0
360		27
361		7
362		13
363		24
364		17
365		15.5
366		0
367		13
368		8
369		17
370		8
371		8
372		45
373		9
374		11
375		8
376		31.6667
377		8
378		0
379		10
380		8
381		8
382		17.25
383		0
384		8
385		18.3333
386		9
387		8
388		7
389		19
390		8
391		0
392		40
393		7.5
394		0
395		0
396		18.3333
397		8
398		9
399		41
400		0
401		8
402		24
403		0
404		8
405		7.5
406		8
407		0
408		26
409		15.75
410		0
411		0
412		7
413		8
414		44
415		6
416		18.6667
417		9
418		9
419		0
420		6
421		13.5
422		0
423		24.5
424		22.3333
425		7.66667
426		0
427		0
428		0
429		16
430		7
431		15
432		8
433		8.33333
434		0
435		0
436		8
437		30
438		25
439		8
440		11
441		8
442		0
443		0
444		34.3333
445		8
446		0
447		0
448		8
449		8
450		12
451		7
452		9
453		35.3333
454		0
455		0
456		0
457		8
458		8
459		8
460		34.6667
461		8
462		8
463		0
464		0
465		0
466		24.5
467		50
468		8
469		8
470		8
471		0
472		20.3333
473		44
474		8
475		0
476		9.5
477		7.66667
478		0
479		0
480		25
481		16.6
482		0
483		0
484		8
485		8
486		24
487		0
488		22
489		7.75
490		8
491		0
492		6
493		18.6667
494		8
495		25
496		8
497		8
498		8.5
499		0
500		24
501		14
502		0
503		8
504		8
505		7.66667
506		30
507		0
508		7.5
509		7.66667
510		0
511		9
512		19.3333
513		18.6667
514		8
515		9
516		8
517		36
518		9
519		8
520		18.6667
521		8.25
522		8
523		8
524		8
525		8.5
526		26.5
527		0
528		25
529		8
530		0
531		11
532		9.5
533		14.2
534		8
535		0
536		8
537		8
538		12
539		7
540		18.6667
541		8.25
542		21.6667
543		0
544		11
545		8.75
546		40
547		7.5
548		8.66667
549		18.5
550		8
551		0
552		10
553		24
554		9
555		8.5
556		7.5
557		8
558		25.3333
559		6
560		23.5
561		11
562		8
563		8
564		31
565		12
566		8
567		18.6667
568		22.3333
569		12.5
570		9
571		0
572		8.75
573		24
574		9.33333
575		8
576		8
577		19.3333
578		12
579		7
580		18.3333
581		24
582		8
583		0
584		0
585		9.6
586		23.5
587		7.5
588		17.3333
589		9
590		0
591		6
592		14.5
593		18.6667
594		8.33333
595		8
596		8
597		19
598		12.5
599		7.5
600		18.3333
601		18
602		8
603		0
604		0
605		11
606		15.5
607		7.5
608		7.66667
609		8
610		42
611		6
612		20
613		18.3333
614		8.5
615		8
616		8.66667
617		17
618		0
619		7.5
620		40
621		7.66667
622		8
623		10
624		8
625		10.3333
626		23.5
627		8
628		0
629		8
630		9.5
631		8
632		22.6667
633		15.75
634		14
635		10
636		0
637		8.66667
638		8
639		45
640		8
641		8
642		8
643		8
644		12
645		7.33333
646		0
647		0
648		42
649		17.8
650		11
651		0
652		11.3333
653		8
654		41
655		7
656		32.5
657		8
658		8.33333
659		0
660		7.5
661		24.5
662		0
663		7
664		8
665		9
666		24
667		0
668		19
669		9
670		0
671		8
672		8
673		21.3333
674		41
675		8
676		9.66667
677		7.66667
678		8
679		0
680		48
681		19
682		9.66667
683		8
684		19.6667
685		8
686		8.5
687		0
688		40
689		9.75
690		8.5
691		26
692		8
693		8.5
694		24
695		0
696		20.6667
697		7.66667
698		7.5
699		7
700		7.33333
701		17.25
702		12.5
703		0
704		8
705		8
706		17
707		7
708		19.3333
709		10.3333
710		8
711		8
712		0
713		18.6667
714		24
715		8
716		11
717		7.5
718		12
719		7
720		42
721		15.2
722		12.5
723		0
724		18
725		8
726		8.5
727		10.5
728		24
729		10.75
730		8.5
731		8
732		8
733		20
734		24
735		8
736		14.5
737		7.66667
738		8
739		8
740		24
741		17.25
742		12.3333
743		0
744		8
745		8
746		19.6667
747		10
748		24
749		11.75
750		8
751		8
752		41
753		8.5
754		18.6667
755		8
756		11.5
757		15.5
758		8
759		8
760		0
761		8
762		10.5
763		21
764		8
765		8
766		18
767		0
768		0
769		17
770		8
771		8
772		12
773		24.5
774		8
775		0
776		25.5
777		8
778		0
779		11
780		8.66667
781		8
782		23
783		0
784		8
785		7.5
786		13
787		8
788		23.6667
789		16
790		8
791		0
792		0
793		8
794		8
795		22.3333
796		11
797		9.6
798		30.5
799		0
800		0
801		8
802		14
803		7.33333
804		19.8571
805		8.33333
806		8
807		0
808		0
809		9.66667
810		41
811		7.5
812		7.8
813		17.3333
814		0
815		0
816		12
817		19
818		8
819		8
820		23.6667
821		8
822		9
823		6
824		42.5
825		8.5
826		8.25
827		8.5
828		8
829		7.5
830		41
831		8
832		7
833		16.75
834		8
835		8
836		7.5
837		14.4
838		19.3333
839		0
840		8
841		8
842		8
843		6
844		18.6667
845		8.5
846		8
847		9
848		0
849		20
850		40
851		8
852		8.33333
853		9
854		0
855		0
856		10.5
857		18.6667
858		27
859		0
860		10
861		8
862		0
863		13
864		18.6667
865		27
866		10
867		0
868		8
869		8
870		40
871		8
872		17
873		0
874		8
875		0
876		0
877		0
878		0
879		42
880		8
881		19.25
882		8
883		0
884		9
885		0
886		0
887		8
888		32.6667
889		8.6
890		8
891		0
892		25.5
893		12
894		6
895		8
896		10
897		15.6
898		8
899		0
900		10.5
901		25.5
902		10
903		6
904		47
905		8.25
906		10.5
907		0
908		26.5
909		9.5
910		20.3333
911		7.33333
912		12
913		10
914		0
915		0
916		10.8
917		20.6667
918		8
919		27.5
920		15
921		8
922		15
923		6
924		17
925		8.33333
926		20
927		0
928		8
929		10.5
930		42
931		8
932		17.25
933		8
934		8
935		9
936		16
937		20.3333
938		8
939		9
940		8
941		16.8
942		11
943		7
944		23.5
945		8
946		8
947		8
948		47
949		7.6
950		15.5
951		8
952		7.5
953		25.5
954		0
955		6
956		0
957		18.1667
958		8
959		9
960		9.5
961		0
962		8.5
963		7.5
964		29
965		7.75
966		9.5
967		8
968		10
969		7
970		23.5
971		8
972		8
973		9
974		16.6667
975		8
976		7.5
977		14.6
978		0
979		9
980		13
981		13.2
982		7.5
983		8
984		18.3333
985		8
986		0
987		8
988		22.5
989		7.75
990		14.8
991		9
992		8
993		9
994		36
995		0
996		8.33333
997		13.8333
998		7
999		8.5
1000		0
1001		17.3333
1002		6
1003		6
1004		17
1005		9
1006		8
1007		8
1008		22.5
1009		0
1010		17.25
1011		8
1012		14.6
1013		8
1014		9
1015		0
1016		8
1017		23.5
1018		9.4
1019		21.5
1020		8
1021		8
1022		8
1023		0
1024		23.5
1025		17
1026		7.6
1027		7
1028		8.5
1029		8
1030		40
1031		0
1032		15
1033		7.75
1034		8
1035		7.5
1036		0
1037		16.5
1038		12
1039		39
1040		8
1041		7.83333
1042		8.5
1043		0
1044		19.3333
1045		16
1046		7
1047		8
1048		9
1049		8
1050		18.6667
1051		0
1052		17.5
1053		7.8
1054		8
1055		8
1056		7
1057		16
1058		10
1059		41
1060		0
1061		7.8
1062		9
1063		0
1064		18.3333
1065		8.25
1066		7.66667
1067		7.5
1068		0
1069		17
1070		24
1071		0
1072		9
1073		7.75
1074		9
1075		20.3333
1076		7
1077		24
1078		10
1079		0
1080		10
1081		9
1082		8
1083		0
1084		24
1085		7.5
1086		0
1087		10.5
1088		8
1089		22.6667
1090		15.5
1091		14
1092		8
1093		7.5
1094		0
1095		8
1096		20
1097		8
1098		8
1099		25
1100		7
1101		10
1102		8.5
1103		0
1104		8
1105		15.6667
1106		0
1107		8
1108		44
1109		7.66667
1110		28
1111		0
1112		8.5
1113		7.75
1114		7.5
1115		8
1116		21
1117		20.6667
1118		7
1119		6
1120		23
1121		8.25
1122		9
1123		0
1124		17.5
1125		8
1126		0
1127		19
1128		9
1129		7.83333
1130		20
1131		0
1132		8.5
1133		17.3333
1134		8
1135		8
1136		7.66667
1137		18
1138		8.5
1139		6
1140		22.5
1141		10
1142		8.5
1143		0
1144		20.3333
1145		8.4
1146		38
1147		8.5
1148		11
1149		7.66667
1150		16
1151		0
1152		10
1153		12.6667
1154		9
1155		8
1156		7.33333
1157		24
1158		8.66667
1159		6
1160		40
1161		8.8
1162		8.33333
1163		0
1164		18.6667
1165		7.5
1166		24
1167		8
1168		13
1169		7.6
1170		23
1171		0
1172		39
1173		7.33333
1174		9.33333
1175		0
1176		7.33333
1177		18.6667
1178		8
1179		39
1180		0
1181		9.5
1182		8.5
1183		0
1184		23.5
1185		8
1186		7
1187		0
1188		15
1189		7.8
1190		38.5
1191		0
1192		0
1193		8
1194		8
1195		0
1196		8.66667
1197		18.3333
1198		0
1199		9
1200		8
1201		24.5
1202		0
1203		0
1204		18.6667
1205		8
1206		0
1207		8
1208		7
1209		9.5
1210		20.3333
1211		0
1212		27.5
1213		8
1214		0
1215		11
1216		26.5
1217		16
1218		8
1219		0
1220		8
1221		8.5
1222		6
1223		8
1224		19.3333
1225		18
1226		8
1227		0
1228		11
1229		8.75
1230		16
1231		0
1232		18
1233		8
1234		8
1235		0
1236		10
1237		16.5
1238		17
1239		0
1240		8
1241		7.66667
1242		0
1243		6
1244		19.6667
1245		16.25
1246		7.5
1247		0
1248		0
1249		8
1250		23
1251		8
1252		16.25
1253		7.33333
1254		0
1255		0
1256		0
1257		23.5
1258		19.3333
1259		0
1260		8.33333
1261		8
1262		9
1263		0
1264		23.5
1265		18
1266		8
1267		0
1268		8
1269		9.4
1270		18
1271		0
1272		24
1273		7.5
1274		0
1275		0
1276		19
1277		13
1278		8
1279		0
1280		0
1281		22
1282		8.5
1283		6
1284		14.2
1285		8
1286		21
1287		0
1288		0
1289		7.5
1290		24
1291		7.5
1292		8
1293		17
1294		8
1295		0
1296		0
1297		16
1298		8
1299		8.5
1300		21
1301		8
1302		8
1303		0
1304		24.5
1305		8
1306		8.33333
1307		22.5
1308		8
1309		19
1310		10
1311		41
1312		0
1313		10.6
1314		8
1315		0
1316		9.5
1317		24
1318		8
1319		12
1320		44
1321		8
1322		9
1323		0
1324		8
1325		0
1326		24
1327		45
1328		8.5
1329		16.5
1330		8
1331		0
1332		8
1333		10
1334		8
1335		45
1336		14
1337		8
1338		50
1339		0
1340		12
1341		8
1342		8
1343		0
1344		21
1345		10.75
1346		10.6667
1347		22
1348		8
1349		0
1350		8
1351		0
1352		22
1353		14.2857
1354		9
1355		8
1356		15
1357		8
1358		0
1359		0
1360		15
1361		13
1362		22.3333
1363		10
1364		8
1365		8
1366		11.5
1367		6.5
1368		30
1369		8
1370		29
1371		8
1372		10.5
1373		9
1374		8
1375		8
1376		8
1377		19.75
1378		0
1379		11
1380		9.66667
1381		29
1382		8
1383		0
1384		13
1385		8
1386		31.5
1387		10.3333
1388		22.6667
1389		7.5
1390		10.5
1391		0
1392		28
1393		0
1394		28.5
1395		8
1396		8.33333
1397		10.8333
1398		8
1399		7
1400		0
1401		48
1402		0
1403		0
1404		19.2
1405		8
1406		12
1407		10.5
1408		46
1409		0
1410		15
1411		0
1412		8
1413		23
1414		17.25
1415		11
1416		0
1417		14.5
1418		8
1419		0
1420		21.6667
1421		7.66667
1422		11.3333
1423		27
1424		17
1425		8
1426		12
1427		6
1428		8
1429		16.1667
1430		7.5
1431		0
1432		27
1433		13
1434		7
1435		8
1436		49
1437		8.2
1438		8
1439		7
1440		19
1441		28
1442		7
1443		0
1444		9
1445		14.2
1446		8
1447		6.66667
1448		27.5
1449		8
1450		8.66667
1451		0
1452		24.5
1453		8.5
1454		26.5
1455		7.66667
1456		11
1457		8.5
1458		7.33333
1459		0
1460		10
1461		27
1462		8
1463		8
1464		8
1465		9
1466		21.3333
1467		9.5
1468		26
1469		8
1470		0
1471		0
1472		11
1473		8.5
1474		18.3333
1475		21.3333
1476		8
1477		0
1478		0
1479		0
1480		9
1481		15.5
1482		21.3333
1483		0
1484		0
1485		0
1486		0
1487		19.3333
1488		11.6667
1489		7.75
1490		15
1491		0
1492		0
1493		0
1494		40
1495		8
1496		8.25
1497		24.6667
1498		9.5
1499		18
1500		39
1501		0
1502		0
1503		15
1504		17
1505		9.5
1506		8
1507		23.5
1508		0
1509		10
1510		0
1511		8
1512		8
1513		20.8333
1514		7
1515		15
1516		11
1517		29.5
1518		0
1519		0
1520		7
1521		8
1522		20
1523		8
1524		8
1525		0
1526		8
1527		0
1528		19
1529		9.33333
1530		31.5
1531		0
1532		0
1533		7
1534		0
1535		7
1536		18.5
1537		16.75
1538		0
1539		0
1540		45
1541		8
1542		13
1543		8
1544		20
1545		18.3333
1546		0
1547		0
1548		0
1549		10.75
1550		30
1551		7
1552		8
1553		8
1554		8
1555		0
1556		7.75
1557		15.2
1558		6
1559		8
1560		0
1561		8
1562		8
1563		0
1564		16.5
1565		20.6667
1566		9
1567		0
1568		0
1569		7.5
1570		27.5
1571		7
1572		21.3333
1573		8
1574		8
1575		0
1576		42
1577		24
1578		9
1579		7
1580		8
1581		10
1582		8
1583		0
1584		40
1585		16.2
1586		8
1587		8
1588		8.66667
1589		8
1590		23
1591		0
1592		30.5
1593		7.75
1594		8
1595		9
1596		8
1597		19.3333
1598		21
1599		6
1600		0
1601		8.25
1602		8.5
1603		8
1604		19.6667
1605		13.6
1606		0
1607		8
1608		7
1609		7.66667
1610		30.6667
1611		7
1612		8
1613		8
1614		8
1615		9
1616		8
1617		13.8333
1618		8
1619		7.5
1620		27
1621		8
1622		7.5
1623		0
1624		27
1625		8
1626		41
1627		9
1628		8
1629		8
1630		20.6667
1631		0
1632		8
1633		24
1634		0
1635		8
1636		7
1637		17.75
1638		8
1639		0
1640		24.5
1641		0
1642		13.5
1643		17.3333
1644		8
1645		8
1646		0
1647		0
1648		8
1649		20.3333
1650		24
1651		8
1652		9
1653		24
1654		0
1655		0
1656		16.75
1657		8
1658		38
1659		0
1660		8
1661		10
1662		8
1663		13
1664		8
1665		23.75
1666		0
1667		0
1668		13
1669		8
1670		8
1671		8
1672		7.33333
1673		8
1674		23.8
1675		6
1676		8
1677		7
1678		8
1679		23
1680		7.66667
1681		13.5
1682		8
1683		7
1684		0
1685		8
1686		0
1687		8
1688		16
1689		8
1690		28
1691		8
1692		0
1693		0
1694		20
1695		6.5
1696		8
1697		21.6667
1698		8
1699		0
1700		12
1701		20.75
1702		8
1703		7.33333
1704		29
1705		8
1706		0
1707		0
1708		29.2
1709		8
1710		7.66667
1711		8
1712		8
1713		15
1714		16
1715		28.5
1716		7
1717		0
1718		8
1719		11
1720		12
1721		16.5
1722		28
1723		7.5
1724		13.3333
1725		0
1726		43
1727		8
1728		18
1729		7.5
1730		21
1731		13
1732		8
1733		25
1734		13
1735		6.5
1736		0
1737		8
1738		8
1739		26.5
1740		50
1741		10.25
1742		0
1743		8
1744		27
1745		0
1746		16
1747		0
1748		25
1749		20.6667
1750		8
1751		12
1752		8
1753		26.5
1754		10
1755		6
1756		0
1757		21.6667
1758		8
1759		8
1760		41
1761		9.5
1762		11
1763		8
1764		7.33333
1765		0
1766		51
1767		10
1768		14
1769		15.25
1770		8
1771		0
1772		22.3333
1773		10
1774		13
1775		7
1776		18.3333
1777		8
1778		7
1779		0
1780		11
1781		20
1782		8
1783		18.3333
1784		7.5
1785		8
1786		9
1787		0
1788		24.3333
1789		7.66667
1790		7.5
1791		0
1792		25
1793		8
1794		20
1795		6.5
1796		0
1797		8
1798		8
1799		43
1800		0
1801		20
1802		8
1803		8
1804		27
1805		8.5
1806		0
1807		0
1808		24.5
1809		8
1810		27.5
1811		0
1812		9.5
1813		8
1814		42
1815		10
1816		24
1817		8
1818		8
1819		0
1820		9
1821		23.5
1822		0
1823		8
1824		7
1825		8
1826		0
1827		0
1828		18.3333
1829		8
1830		45
1831		0
1832		8
1833		8.33333
1834		40
1835		7
1836		7.33333
1837		45
1838		0
1839		0
1840		10
1841		16
1842		0
1843		8
1844		27.5
1845		9
1846		10
1847		0
1848		31
1849		0
1850		7.5
1851		0
1852		12
1853		11.5
1854		8
1855		24
1856		6
1857		28
1858		10
1859		6
1860		10
1861		18.6667
1862		8
1863		8
1864		25
1865		8.75
1866		10
1867		8
1868		18.6667
1869		23.5
1870		9
1871		0
1872		8
1873		9.25
1874		14.6
1875		7
1876		7
1877		8
1878		8
1879		0
1880		21.6667
1881		15.75
1882		8
1883		8
1884		42
1885		9.5
1886		14
1887		6
1888		24
1889		9
1890		9
1891		0
1892		0
1893		9.75
1894		23.5
1895		23
1896		8
1897		8
1898		8
1899		0
1900		13.5
1901		14.2
1902		0
1903		0
1904		9
1905		9.5
1906		22.6667
1907		0
1908		18.6667
1909		8
1910		0
1911		10
1912		10
1913		9.25
1914		24
1915		0
1916		43
1917		8
1918		9
1919		7
1920		12
1921		20.3333
1922		26.5
1923		0
1924		8
1925		9.66667
1926		10.6667
1927		6.66667
1928		30.6667
1929		7.66667
1930		0
1931		0
1932		13.3333
1933		10
1934		8
1935		19
1936		0
1937		17.75
1938		13
1939		6
1940		13.5
1941		17.25
1942		8
1943		44
1944		12
1945		11.5
1946		7.75
1947		8
1948		18.3333
1949		8
1950		8
1951		8
1952		12
1953		7.6
1954		24
1955		0
1956		8
1957		28
1958		12.6667
1959		7
1960		10
1961		16
1962		9
1963		9
1964		30
1965		17
1966		8.25
1967		9
1968		18.3333
1969		8
1970		0
1971		8
1972		7.5
1973		8.25
1974		33.3333
1975		0
1976		8.5
1977		8
1978		9.5
1979		6
1980		6
1981		20.3333
1982		9
1983		10
1984		24
1985		8
1986		7.5
1987		8
1988		33.3333
1989		8
1990		0
1991		8
1992		8.5
1993		8.25
1994		21
1995		0
1996		10
1997		21
1998		9
1999		8
2000		9
2001		25.5
2002		8.5
2003		0
2004		9
2005		9
2006		7
2007		8
2008		18.6667
2009		7.5
2010		43
2011		0
2012		11.3333
2013		7.33333
2014		24
2015		7
2016		8
2017		8
2018		11
2019		7.5
2020		13.5
2021		7.5
2022		8.5
2023		25
2024		8
2025		10.3333
2026		28
2027		8
2028		7.66667
2029		11
2030		0
2031		0
2032		17.5
2033		7.66667
2034		8
2035		53
2036		8
2037		8
2038		9
2039		9.5
2040		25
2041		18
2042		8
2043		0
2044		0
2045		9.5
2046		18.25
2047		0
2048		20.25
2049		8
2050		10
2051		0
2052		9
2053		16.2
2054		46
2055		8.66667
2056		11.5
2057		15.5
2058		8
2059		6
2060		10
2061		7.33333
2062		0
2063		21.6667
2064		17.6667
2065		8
2066		6.5
2067		0
2068		21.5
2069		9.66667
2070		0
2071		6
2072		20.75
2073		8.4
2074		8
2075		0
2076		14
2077		18.6
2078		0
2079		7.5
2080		8
2081		13.125
2082		14
2083		0
2084		8
2085		8
2086		25
2087		8
2088		27
2089		9.16667
2090		8
2091		0
2092		23.5
2093		0
2094		46
2095		0
2096		12
2097		8.28571
2098		0
2099		43
2100		8
2101		27.5
2102		16
2103		0
2104		9
2105		8
2106		25.5
2107		0
2108		27.5
2109		11
2110		8
2111		0
2112		16
2113		8
2114		42
2115		14
2116		18
2117		8.2
2118		0
2119		0
2120		24.5
2121		8.25
2122		18
2123		25
2124		8
2125		8
2126		12
2127		0
2128		9
2129		9.8
2130		8
2131		47
2132		26
2133		8.66667
2134		8
2135		0
2136		31
2137		8.66667
2138		7
2139		0
2140		8
2141		17.75
2142		0
2143		0
2144		10.5
2145		15.6
2146		8
2147		0
2148		27.5
2149		8
2150		11
2151		6
2152		28
2153		7.66667
2154		27
2155		0
2156		26
2157		9.25
2158		8
2159		8
2160		8
2161		15.8
2162		7.5
2163		9
2164		11.5
2165		8
2166		25
2167		9
2168		45
2169		7.8
2170		11.5
2171		7
2172		9.5
2173		44
2174		19.3333
2175		8
2176		0
2177		9
2178		0
2179		9.5
2180		8
2181		24
2182		27.5
2183		0
2184		8
2185		8
2186		8
2187		8.5
2188		15.25
2189		11.3333
2190		8
2191		6
2192		0
2193		8
2194		8
2195		18.6667
2196		9.33333
2197		8
2198		53
2199		8
2200		0
2201		28.5
2202		9
2203		8
2204		22.6667
2205		9
2206		0
2207		9
2208		44.5
2209		8
2210		8
2211		10
2212		9
2213		8
2214		44
2215		8
2216		9
2217		8
2218		0
2219		8
2220		6
2221		19.8571
2222		0
2223		0
2224		8
2225		8
2226		0
2227		29
2228		16.5
2229		7.8
2230		8
2231		0
2232		0
2233		8
2234		23.75
2235		7
2236		8
2237		9
2238		8.5
2239		0
2240		27.3333
2241		9.66667
2242		8
2243		8
2244		9
2245		8.5
2246		8
2247		38
2248		12
2249		19
2250		9
2251		9
2252		9.5
2253		15.5
2254		10.3333
2255		6
2256		0
2257		8
2258		17.75
2259		8
2260		10.3333
2261		10.3333
2262		8
2263		25
2264		43
2265		9.33333
2266		8
2267		14
2268		11.3333
2269		8
2270		8.75
2271		0
2272		13
2273		17.5
2274		0
2275		7
2276		31.5
2277		0
2278		8
2279		6
2280		8
2281		12.5
2282		48
2283		7
2284		8.5
2285		13.5
2286		53
2287		8
2288		48
2289		8
2290		13
2291		8
2292		9
2293		7.5
2294		0
2295		7
2296		0
2297		38
2298		9.5
2299		0
2300		8
2301		13
2302		9
2303		7
2304		46
2305		12
2306		7.5
2307		8
2308		61
2309		8
2310		27
2311		7.5
2312		34
2313		7
2314		8
2315		8
2316		8
2317		25.5
2318		12
2319		8
2320		0
2321		20
2322		9
2323		9
2324		19
2325		10.5
2326		6
2327		8
2328		29.5
2329		8
2330		16
2331		8
2332		9
2333		19.3333
2334		8
2335		7
2336		7.5
2337		24.25
2338		8.66667
2339		9
2340		0
2341		8
2342		9
2343		8.5
2344		28.6667
2345		8.2
2346		6
2347		8
2348		7
2349		6
2350		20.3333
2351		8
2352		12
2353		8
2354		8
2355		25.5
2356		9
2357		24
2358		8
2359		0
2360		0
2361		8.8
2362		8
2363		9
2364		15.75
2365		9
2366		45
2367		0
2368		0
2369		11.6667
2370		8
2371		18.6667
2372		7
2373		8
2374		0
2375		0
2376		10
2377		24
2378		0
2379		8
2380		31
2381		21
2382		12
2383		0
2384		18.6667
2385		13
2386		0
2387		8.5
2388		8
2389		32.5
2390		18.6667
2391		0
2392		14
2393		9
2394		0
2395		8
2396		19.75
2397		40
2398		14
2399		0
2400		10
2401		8
2402		8
2403		22.5
2404		8
2405		32.5
2406		8
2407		6
2408		0
2409		7.5
2410		9
2411		8
2412		34
2413		7.5
2414		0
2415		8
2416		8.5
2417		7.33333
2418		45
2419		0
2420		8
2421		20
2422		19.6667
2423		0
2424		8
2425		8.5
2426		7
2427		0
2428		17.5
2429		7.6
2430		8
2431		25.5
2432		10
2433		7.5
2434		44
2435		0
2436		7
2437		8
2438		9.66667
2439		8
2440		20.3333
2441		20.6667
2442		0
2443		0
2444		8
2445		8.83333
2446		8
2447		42
2448		28
2449		9
2450		7
2451		0
2452		10
2453		8
2454		26
2455		8
2456		15
2457		8
2458		9.33333
2459		0
2460		7
2461		7.5
2462		0
2463		21.6667
2464		8
2465		10.3333
2466		8
2467		0
2468		0
2469		14.3333
2470		7.33333
2471		8
2472		19.2
2473		7.5
2474		0
2475		0
2476		18.3333
2477		7.66667
2478		9
2479		8.5
2480		8
2481		33
2482		25
2483		0
2484		8
2485		10
2486		9.5
2487		8
2488		33
2489		20
2490		8.5
2491		0
2492		13
2493		7.5
2494		8
2495		23
2496		17.25
2497		9.5
2498		7
2499		0
2500		0
2501		8
2502		25
2503		24
2504		10.3333
2505		8.6
2506		11
2507		8
2508		43
2509		10
2510		19
2511		11
2512		9
2513		8.25
2514		8
2515		13.5
2516		0
2517		25.5
2518		9
2519		8
2520		9
2521		7.66667
2522		25
2523		8
2524		42
2525		8.33333
2526		17
2527		7.5
2528		13.6
2529		10
2530		41
2531		14
2532		11
2533		8
2534		7.5
2535		8
2536		17.25
2537		9
2538		11
2539		25.5
2540		40
2541		8
2542		9
2543		0
2544		9.5
2545		10
2546		10
2547		18
2548		45
2549		8.5
2550		8
2551		9
2552		10.3333
2553		6.5
2554		7.5
2555		8
2556		41
2557		15.8
2558		10
2559		0
2560		7.5
2561		9.66667
2562		10.5
2563		25
2564		0
2565		8
2566		28.5
2567		0
2568		20.3333
2569		8.66667
2570		8
2571		0
2572		21
2573		8
2574		27
2575		0
2576		8.33333
2577		8
2578		18
2579		7
2580		8
2581		24.6667
2582		8
2583		9
2584		8
2585		18.25
2586		8
2587		8
2588		20
2589		8
2590		0
2591		8
2592		21.6667
2593		8
2594		19
2595		0
2596		8
2597		0
2598		13
2599		24.5
2600		8
2601		15.5
2602		8
2603		0
2604		0
2605		10
2606		7
2607		8
2608		27
2609		8
2610		0
2611		0
2612		45
2613		8
2614		16.6
2615		8
2616		16
2617		8
2618		0
2619		0
2620		0
2621		19.1667
2622		9.5
2623		8
2624		0
2625		9.25
2626		0
2627		0
2628		24.75
2629		8
2630		8
2631		0
2632		12.5
2633		8
2634		24.25
2635		7
2636		8
2637		7.66667
2638		14
2639		6
2640		8
2641		17.75
2642		8
2643		8
2644		0
2645		9
2646		0
2647		8
2648		15
2649		8
2650		44
2651		0
2652		16
2653		8
2654		24
2655		8
2656		20.3333
2657		7.5
2658		11
2659		6
2660		0
2661		15.75
2662		8
2663		8
2664		27
2665		9.75
2666		8
2667		8
2668		23.5
2669		8
2670		9
2671		27.5
2672		13
2673		7.75
2674		24
2675		0
2676		27.5
2677		0
2678		9.33333
2679		7
2680		6
2681		14.1667
2682		8
2683		0
2684		0
2685		9.33333
2686		25.5
2687		6.66667
2688		21.3333
2689		8
2690		0
2691		0
2692		11
2693		20
2694		24
2695		8
2696		8
2697		0
2698		13.5
2699		6
2700		27.5
2701		12.8333
2702		0
2703		0
2704		10
2705		11
2706		7.5
2707		25
2708		21.6667
2709		8
2710		9
2711		6
2712		22.6667
2713		8
2714		24
2715		8
2716		18
2717		8
2718		11
2719		6
2720		12
2721		14
2722		0
2723		0
2724		0
2725		13.1667
2726		8
2727		0
2728		18.6667
2729		8
2730		9
2731		6
2732		23
2733		7.71429
2734		40
2735		7
2736		8
2737		0
2738		18.6667
2739		0
2740		6
2741		11.4
2742		9
2743		8
2744		0
2745		40
2746		7.5
2747		0
2748		19.6667
2749		7.77778
2750		9
2751		0
2752		19
2753		7
2754		25.5
2755		6.5
2756		0
2757		8.14286
2758		8.5
2759		0
2760		7.33333
2761		22.6
2762		7
2763		8
2764		0
2765		7.8
2766		9
2767		0
2768		22
2769		7.6
2770		8.5
2771		0
2772		8
2773		8
2774		25.25
2775		6.33333
2776		8
2777		7.83333
2778		8.5
2779		0
2780		7
2781		32
2782		7
2783		8.25
2784		7
2785		13
2786		8
2787		0
2788		20.3333
2789		7
2790		7.5
2791		8
2792		19.3333
2793		8
2794		26.5
2795		6.5
2796		35
2797		8
2798		9
2799		0
2800		11.5
2801		18.6667
2802		8.5
2803		7.66667
2804		0
2805		8
2806		8
2807		0
2808		18.6667
2809		10
2810		28.5
2811		8
2812		11
2813		9
2814		0
2815		24
2816		19.3333
2817		8.75
2818		8
2819		0
2820		8
2821		18.6667
2822		0
2823		8
2824		10
2825		20.6667
2826		11
2827		0
2828		23.5
2829		0
2830		12
2831		47
2832		7.5
2833		8
2834		24
2835		0
2836		8
2837		6
2838		8
2839		0
2840		8
2841		23.5
2842		52
2843		0
2844		0
2845		8
2846		0
2847		22.5
2848		23.6667
2849		8
2850		0
2851		0
2852		9
2853		0
2854		39
2855		8
2856		8
2857		22.3333
2858		0
2859		0
2860		23.5
2861		12
2862		8
2863		45
2864		8
2865		7.66667
2866		0
2867		0
2868		19.3333
2869		24.5
2870		8
2871		0
2872		23
2873		8
2874		0
2875		0
2876		19.3333
2877		8.33333
2878		0
2879		0
2880		8
2881		14.6
2882		41
2883		0
2884		7.5
2885		8
2886		23
2887		0
2888		8
2889		16.5
2890		8
2891		7.5
2892		17.3333
2893		7
2894		8
2895		0
2896		25
2897		8
2898		0
2899		8
2900		8
2901		18.6667
2902		25.5
2903		0
2904		8
2905		8
2906		39
2907		9
2908		10
2909		24
2910		8
2911		9
2912		7.33333
2913		15
2914		0
2915		8
2916		40
2917		9.66667
2918		8
2919		8
2920		10
2921		8
2922		41.5
2923		0
2924		0
2925		8
2926		9.33333
2927		11
2928		7.8
2929		15.5
2930		6
2931		0
2932		0
2933		10.5
2934		8
2935		8
2936		23.5
2937		8.4
2938		30.5
2939		0
2940		10.5
2941		8
2942		24
2943		7
2944		23.6667
2945		7.66667
2946		11
2947		0
2948		8
2949		18.3333
2950		8.5
2951		7
2952		7
2953		21.25
2954		8
2955		0
2956		23.5
2957		7.33333
2958		8
2959		7.5
2960		25.6667
2961		8
2962		23
2963		0
2964		8
2965		7.66667
2966		14
2967		0
2968		8
2969		27.25
2970		7
2971		6
2972		0
2973		12
2974		8
2975		6
2976		42.5
2977		8
2978		7.66667
2979		0
2980		24.6667
2981		7.5
2982		23
2983		8
2984		8
2985		16
2986		18
2987		0
2988		8
2989		18.6667
2990		8.5
2991		0
2992		24.5
2993		10.75
2994		8.5
2995		10
2996		40
2997		8
2998		23
2999		0
3000		14
3001		7.75
3002		40
3003		8
3004		9
3005		8.5
3006		20
3007		0
3008		7.66667
3009		8
3010		0
3011		43
3012		15.5
3013		8
3014		8
3015		0
3016		25
3017		7
3018		16
3019		0
3020		18
3021		9
3022		0
3023		0
3024		0
3025		16.2
3026		8
3027		7
3028		8
3029		27.5
3030		0
3031		0
3032		22.3333
3033		8
3034		8
3035		8
3036		27.5
3037		0
3038		10.5
3039		6
3040		8
3041		19.25
3042		20.6667
3043		7
3044		0
3045		9.5
3046		8
3047		8
3048		17.75
3049		17.75
3050		8.5
3051		8
3052		43
3053		8
3054		10
3055		9
3056		26.5
3057		10.3333
3058		8.33333
3059		43
3060		7.5
3061		11.3333
3062		8
3063		25.5
3064		0
3065		8
3066		7.66667
3067		0
3068		22.3333
3069		13.1667
3070		0
3071		10
3072		0
3073		8.66667
3074		12
3075		43
3076		8
3077		8
3078		25
3079		8
3080		12
3081		9
3082		7.33333
3083		0
3084		42
3085		8
3086		8
3087		0
3088		11.3333
3089		8.75
3090		28.5
3091		18.3333
3092		10
3093		0
3094		7
3095		0
3096		7.33333
3097		16.25
3098		0
3099		8
3100		0
3101		9.66667
3102		8
3103		0
3104		18.6667
3105		25
3106		15
3107		0
3108		11.5
3109		8
3110		24.5
3111		7
3112		25
3113		8
3114		11
3115		6
3116		8
3117		24
3118		8
3119		8
3120		33.5
3121		10.5
3122		0
3123		8
3124		35
3125		8
3126		9
3127		7
3128		10
3129		8
3130		23.5
3131		48
3132		0
3133		8.5
3134		10.6667
3135		7
3136		7.33333
3137		18.1667
3138		8
3139		0
3140		0
3141		10.3333
3142		14
3143		23.5
3144		7.33333
3145		8
3146		0
3147		44
3148		11
3149		8
3150		16
3151		9
3152		11.5
3153		7.5
3154		15
3155		6
3156		39
3157		7.5
3158		45
3159		8
3160		8
3161		9.2
3162		7.5
3163		7
3164		8
3165		24.5
3166		8
3167		6
3168		33.5
3169		13.5
3170		8
3171		8
3172		26.5
3173		8.66667
3174		12.5
3175		7
3176		0
3177		7.66667
3178		27
3179		7
3180		12
3181		13.7143
3182		10.5
3183		0
3184		8
3185		19
3186		10
3187		6.66667
3188		21.6667
3189		8
3190		8
3191		0
3192		19
3193		7.66667
3194		20
3195		7
3196		0
3197		7.5
3198		24
3199		0
3200		19
3201		7.6
3202		7
3203		0
3204		8
3205		15.75
3206		8
3207		23.5
3208		9.5
3209		9.25
3210		8.5
3211		0
3212		18.3333
3213		7.66667
3214		26.5
3215		7
3216		14
3217		7.66667
3218		24
3219		0
3220		7
3221		16.5
3222		10.5
3223		11
3224		8.5
3225		40
3226		10
3227		6
3228		21
3229		9
3230		8
3231		9
3232		24
3233		12
3234		10
3235		6
3236		9
3237		7.66667
3238		40
3239		7.5
3240		8
3241		19
3242		7
3243		0
3244		7
3245		18.6667
3246		0
3247		6.66667
3248		49
3249		0
3250		8
3251		0
3252		17
3253		7.5
3254		9
3255		28
3256		0
3257		7.5
3258		40
3259		0
3260		8
3261		16.6
3262		7.5
3263		7
3264		11
3265		18.3333
3266		0
3267		0
3268		31
3269		7.66667
3270		8.33333
3271		8
3272		18.6667
3273		9.66667
3274		11
3275		23.5
3276		7
3277		7.8
3278		40
3279		0
3280		14
3281		8.4
3282		7
3283		8
3284		26.5
3285		15.4
3286		14
3287		0
3288		20.6667
3289		8
3290		8.33333
3291		9
3292		40
3293		9.75
3294		10.3333
3295		11.5
3296		12
3297		19.6667
3298		0
3299		24.5
3300		16
3301		9.2
3302		7
3303		8
3304		25.5
3305		20.3333
3306		12
3307		0
3308		9.25
3309		8
3310		20
3311		9
3312		24
3313		8.25
3314		9.5
3315		23
3316		8.5
3317		7
3318		40
3319		8
3320		24
3321		8.28571
3322		7.25
3323		0
3324		7
3325		26.5
3326		0
3327		6
3328		10
3329		16.25
3330		8.25
3331		0
3332		18
3333		8
3334		12
3335		7
3336		39
3337		7.5
3338		23.5
3339		7
3340		22
3341		11
3342		7.5
3343		0
3344		6
3345		13.3333
3346		9
3347		7
3348		12
3349		40
3350		8.5
3351		0
3352		24
3353		8
3354		18
3355		6
3356		8
3357		7
3358		40
3359		7
3360		39
3361		7.5
3362		7.66667
3363		7
3364		22
3365		24
3366		9
3367		7
3368		7.5
3369		11
3370		0
3371		8
3372		19
3373		16.25
3374		10
3375		0
3376		8
3377		9.5
3378		40
3379		7
3380		25.5
3381		8.6
3382		8
3383		0
3384		8
3385		18.3333
3386		11
3387		8
3388		9.66667
3389		8
3390		19.6667
3391		0
3392		40
3393		10
3394		10.5
3395		6
3396		20.3333
3397		8.33333
3398		16
3399		7
3400		13
3401		17.5
3402		0
3403		8
3404		7.5
3405		14.4
3406		9
3407		7
3408		11.5
3409		8
3410		26.5
3411		0
3412		18.3333
3413		9.4
3414		9.66667
3415		6
3416		7.5
3417		19
3418		8
3419		44.5
3420		10.5
3421		9
3422		8
3423		8
3424		7
3425		14
3426		10
3427		0
3428		22.6667
3429		7.66667
3430		8
3431		0
3432		8
3433		10
3434		13.6667
3435		20
3436		0
3437		16.5
3438		8
3439		0
3440		30.5
3441		8.2
3442		8
3443		26.5
3444		12.3333
3445		8
3446		13.5
3447		0
3448		10
3449		8.8
3450		8
3451		50
3452		17.75
3453		13
3454		10
3455		6.5
3456		0
3457		8
3458		8
3459		0
3460		29
3461		16.8
3462		9
3463		8
3464		28
3465		0
3466		0
3467		0
3468		11
3469		8.5
3470		22.3333
3471		0
3472		8
3473		21.6667
3474		15.5
3475		9.5
3476		21
3477		8
3478		45
3479		0
3480		0
3481		9
3482		7.66667
3483		7.5
3484		8.5
3485		29
3486		0
3487		6
3488		12.5
3489		20.3333
3490		12.6667
3491		9
3492		17.75
3493		0
3494		16
3495		6
3496		7
3497		10
3498		26.75
3499		7.5
3500		11
3501		8.6
3502		0
3503		0
3504		13
3505		12.7143
3506		6
3507		8
3508		24
3509		8
3510		10
3511		0
3512		32.6667
3513		8
3514		8
3515		6.5
3516		7
3517		10.5
3518		21
3519		48
3520		0
3521		7.8
3522		8
3523		8
3524		9.5
3525		17.5
3526		8
3527		8
3528		0
3529		8
3530		9.6
3531		0
3532		18.6667
3533		8
3534		52
3535		10
3536		7
3537		7.66667
3538		16
3539		0
3540		51
3541		7.5
3542		0
3543		7.5
3544		8
3545		17.25
3546		7
3547		0
3548		0
3549		8
3550		49
3551		7
3552		40
3553		8
3554		8
3555		0
3556		20.25
3557		8
3558		0
3559		24.5
3560		7
3561		0
3562		0
3563		0
3564		8
3565		20
3566		7
3567		0
3568		8
3569		10
3570		0
3571		44
3572		16.5
3573		7.75
3574		8
3575		0
3576		11
3577		8
3578		40
3579		6
3580		8.5
3581		18
3582		9.66667
3583		0
3584		8
3585		40
3586		0
3587		7
3588		20
3589		9
3590		8.33333
3591		13
3592		40
3593		0
3594		0
3595		8
3596		10.3333
3597		16.2
3598		17.6667
3599		8
3600		0
3601		10
3602		13
3603		6
3604		8
3605		8
3606		8
3607		46.5
3608		15
3609		14
3610		7.33333
3611		0
3612		29
3613		10.3333
3614		7
3615		0
3616		19
3617		8
3618		8
3619		0
3620		8
3621		8
3622		11.5
3623		7
3624		22
3625		21
3626		0
3627		0
3628		27.5
3629		11.5
3630		7
3631		8
3632		20.6667
3633		8
3634		0
3635		0
3636		16
3637		17.75
3638		20
3639		0
3640		8
3641		8.5
3642		16
3643		0
3644		19.3333
3645		17.5
3646		8
3647		0
3648		11
3649		23
3650		8
3651		6
3652		26.5
3653		13.6
3654		10
3655		6
3656		13
3657		8
3658		18.6667
3659		8
3660		38
3661		8.2
3662		13
3663		8
3664		7.25
3665		40
3666		18.3333
3667		0
3668		12
3669		9.83333
3670		8
3671		9
3672		27.6667
3673		7.33333
3674		10
3675		6
3676		18
3677		8
3678		15.5
3679		8
3680		0
3681		8.5
3682		0
3683		8
3684		7.33333
3685		16.7143
3686		8.33333
3687		0
3688		11
3689		17
3690		8
3691		6
3692		24
3693		7.66667
3694		14
3695		6
3696		8
3697		8
3698		23.5
3699		8
3700		0
3701		10.3333
3702		0
3703		8
3704		14.8
3705		14.2
3706		0
3707		0
3708		16
3709		8
3710		10
3711		18
3712		16
3713		8.4
3714		16
3715		0
3716		6
3717		8
3718		24
3719		8
3720		11.3333
3721		10.2
3722		0
3723		8
3724		8
3725		9.66667
3726		11
3727		42
3728		10.5
3729		8
3730		10.5
3731		22.6667
3732		0
3733		9.33333
3734		13
3735		0
3736		24.6667
3737		7.66667
3738		9
3739		8
3740		13
3741		21.25
3742		0
3743		8
3744		8
3745		17.75
3746		12
3747		10
3748		13.5
3749		0
3750		8
3751		8
3752		9
3753		14
3754		28.4
3755		13.5
3756		0
3757		10.5
3758		8
3759		0
3760		10.3333
3761		21
3762		0
3763		8
3764		0
3765		8
3766		9
3767		17
3768		20
3769		8
3770		8
3771		69
3772		9
3773		0
3774		25.3333
3775		8
3776		8.33333
3777		20.6
3778		9
3779		0
3780		0
3781		33.5
3782		10
3783		7
3784		20.75
3785		8
3786		8
3787		0
3788		40
3789		6
3790		8
3791		8
3792		8
3793		14.75
3794		34
3795		41
3796		7
3797		8
3798		11
3799		15
3800		10.5
3801		11.5
3802		41
3803		11.5
3804		7.5
3805		8
3806		9.5
3807		8
3808		16.25
3809		9.33333
3810		8
3811		8
3812		26
3813		10
3814		13.6667
3815		7
3816		13.5
3817		8
3818		23
3819		8
3820		13
3821		21.5
3822		8
3823		8
3824		34
3825		7.5
3826		10.5
3827		8
3828		26.3333
3829		8
3830		7
3831		0
3832		8
3833		10
3834		35.25
3835		7
3836		7
3837		8
3838		8
3839		9
3840		26
3841		18.8
3842		0
3843		8
3844		8
3845		7.66667
3846		9
3847		0
3848		21.25
3849		22.75
3850		7.25
3851		0
3852		0
3853		8.66667
3854		20.5
3855		0
3856		37.5
3857		8
3858		8
3859		9
3860		8.5
3861		25
3862		8
3863		20
3864		8
3865		7.75
3866		9
3867		0
3868		20.25
3869		25
3870		7.25
3871		7
3872		0
3873		9.33333
3874		24.6
3875		0
3876		6.5
3877		7.66667
3878		8
3879		8.5
3880		12.5
3881		17.8
3882		8
3883		8.5
3884		8
3885		20.3333
3886		13
3887		0
3888		20.75
3889		7.5
3890		9
3891		7.5
3892		19.3333
3893		11
3894		22
3895		0
3896		18.3333
3897		8
3898		8
3899		9.5
3900		10.3333
3901		15.6667
3902		8
3903		8
3904		8
3905		8
3906		13
3907		9.5
3908		22.6667
3909		8
3910		21.3333
3911		0
3912		8
3913		12
3914		19
3915		7.5
3916		23.3333
3917		8
3918		0
3919		9
3920		12.5
3921		11.2
3922		0
3923		19.3333
3924		8
3925		8
3926		24.3333
3927		0
3928		8
3929		8
3930		7.5
3931		0
3932		27.5
3933		10.5
3934		8
3935		10.5
3936		0
3937		0
3938		0
3939		9
3940		11.6667
3941		14
3942		52
3943		8
3944		9
3945		0
3946		13.5
3947		0
3948		16.2
3949		8
3950		8
3951		48
3952		8
3953		20
3954		18.75
3955		6.5
3956		21.3333
3957		7
3958		8
3959		0
3960		21
3961		16
3962		8
3963		8
3964		26
3965		8
3966		21
3967		6
3968		22.6667
3969		8
3970		8
3971		7
3972		8
3973		15
3974		21.6667
3975		7
3976		0
3977		30
3978		8.66667
3979		8
3980		12.5
3981		15.6
3982		0
3983		28
3984		7
3985		8
3986		12
3987		0
3988		18.25
3989		8
3990		10.5
3991		9
3992		8
3993		13
3994		28.75
3995		6
3996		15
3997		8
3998		8
3999		8
4000		28.5
4001		8.75
4002		0
4003		25
4004		27.5
4005		8
4006		18
4007		11.5
4008		7.5
4009		7.66667
4010		7
4011		0
4012		44
4013		25.5
4014		8
4015		8
4016		8
4017		8
4018		8
4019		0
4020		18.25
4021		21
4022		0
4023		0
4024		8
4025		8
4026		39
4027		6
4028		27.5
4029		9.25
4030		9
4031		0
4032		24
4033		9.5
4034		27
4035		8
4036		25.5
4037		7.33333
4038		0
4039		0
4040		9
4041		16.8
4042		25.5
4043		6.5
4044		8
4045		0
4046		10.5
4047		13
4048		26.5
4049		13.8333
4050		7
4051		8
4052		9.5
4053		13
4054		19.6667
4055		8
4056		11
4057		12.3333
4058		10
4059		0
4060		10.6667
4061		24
4062		11.5
4063		17
4064		8
4065		8
4066		8.66667
4067		0
4068		20
4069		14
4070		7
4071		8
4072		0
4073		7.75
4074		6
4075		41
4076		10.75
4077		17
4078		8
4079		0
4080		7
4081		16
4082		8
4083		9
4084		16
4085		8
4086		8
4087		0
4088		28.6667
4089		10.5
4090		7
4091		8
4092		8
4093		15
4094		26.5
4095		0
4096		10
4097		8
4098		8
4099		10.5
4100		10
4101		16
4102		8
4103		0
4104		25
4105		0
4106		10
4107		8
4108		24
4109		16
4110		24
4111		0
4112		0
4113		11
4114		8
4115		23.5
4116		18.3333
4117		15.5
4118		8
4119		0
4120		15.5
4121		8
4122		0
4123		8
4124		25.5
4125		9.25
4126		11.5
4127		0
4128		8
4129		0
4130		0
4131		7
4132		11
4133		29.25
4134		8
4135		0
4136		0
4137		0
4138		11
4139		8
4140		18
4141		8
4142		31
4143		0
4144		0
4145		12
4146		28
4147		7.5
4148		7.75
4149		30.5
4150		9
4151		9
4152		13
4153		28.5
4154		8
4155		8
4156		30
4157		8
4158		9.5
4159		8
4160		22.6667
4161		7.66667
4162		8.5
4163		54
4164		8
4165		15.5
4166		11.5
4167		19
4168		8
4169		8
4170		8
4171		0
4172		9.5
4173		20.6667
4174		8
4175		8
4176		50
4177		0
4178		12
4179		0
4180		13.3333
4181		9.66667
4182		18.6667
4183		0
4184		0
4185		19.5
4186		11.5
4187		24.3333
4188		8
4189		8
4190		8
4191		45
4192		17
4193		11
4194		22.6667
4195		8
4196		15
4197		9
4198		12.5
4199		0
4200		25.4
4201		11.6667
4202		0
4203		0
4204		8
4205		12
4206		11.5
4207		9.33333
4208		30
4209		18.25
4210		0
4211		0
4212		17.5
4213		15
4214		7.25
4215		8
4216		49
4217		28
4218		17
4219		0
4220		12.5
4221		8
4222		29.3333
4223		10.3333
4224		0
4225		13
4226		17
4227		8
4228		11.5
4229		7.5
4230		8
4231		21.6667
4232		21
4233		13
4234		11
4235		0
4236		8.5
4237		8
4238		13
4239		35
4240		25.3333
4241		10.75
4242		8
4243		0
4244		0
4245		12
4246		8
4247		8
4248		27.3333
4249		18.25
4250		0
4251		0
4252		39.5
4253		8
4254		11.6667
4255		7
4256		8
4257		32
4258		34
4259		0
4260		9
4261		7.66667
4262		8
4263		8
4264		27.5
4265		14
4266		0
4267		8
4268		8
4269		9
4270		41
4271		8.5
4272		14.5
4273		32
4274		8
4275		8
4276		0
4277		7.66667
4278		14.5
4279		8
4280		20.6667
4281		8
4282		8
4283		0
4284		0
4285		10.3333
4286		39.3333
4287		7
4288		7.66667
4289		0
4290		0
4291		0
4292		16
4293		16.5
4294		8
4295		8
4296		55
4297		0
4298		13
4299		0
4300		27.5
4301		7.75
4302		31
4303		10
4304		0
4305		14
4306		42
4307		10.5
4308		32
4309		7
4310		8.5
4311		8
4312		10.5
4313		26.5
4314		8
4315		8
4316		7
4317		8
4318		29.3333
4319		6
4320		18
4321		8
4322		0
4323		0
4324		8
4325		13.5
4326		24
4327		8.33333
4328		49
4329		8
4330		0
4331		0
4332		12.5
4333		20.3333
4334		16.5
4335		0
4336		13
4337		0
4338		17
4339		13
4340		24
4341		7.66667
4342		8
4343		12
4344		8.33333
4345		18
4346		40
4347		8
4348		7
4349		30.5
4350		10
4351		8
4352		16.25
4353		10
4354		10
4355		48
4356		8.5
4357		0
4358		13.5
4359		10
4360		21.6667
4361		9.25
4362		8
4363		0
4364		26
4365		20
4366		11
4367		8
4368		14.5
4369		16
4370		15
4371		0
4372		21
4373		28
4374		8
4375		7.5
4376		21.3333
4377		12.6667
4378		12.3333
4379		0
4380		47
4381		8
4382		24
4383		7
4384		10.5
4385		12.6667
4386		27
4387		7.5
4388		10
4389		24
4390		9
4391		8
4392		13
4393		18.25
4394		8
4395		7.66667
4396		25
4397		7
4398		12.6667
4399		0
4400		16.25
4401		8
4402		25
4403		8
4404		0
4405		12.5
4406		16.25
4407		8
4408		8.25
4409		18.6667
4410		9
4411		8
4412		18
4413		15.5
4414		8
4415		24
4416		8
4417		8
4418		8.66667
4419		0
4420		23.25
4421		8
4422		8
4423		7
4424		0
4425		10
4426		28.3333
4427		8
4428		8.33333
4429		8
4430		9
4431		8
4432		13
4433		16.75
4434		8.5
4435		8.5
4436		24
4437		8
4438		9.33333
4439		0
4440		30
4441		8.4
4442		8
4443		8.5
4444		0
4445		8
4446		17.75
4447		8
4448		8
4449		16.5
4450		0
4451		9.5
4452		0
4453		26
4454		8
4455		8
4456		20
4457		8
4458		0
4459		9.5
4460		25
4461		8
4462		43
4463		0
4464		8
4465		8
4466		26
4467		11
4468		8
4469		9.66667
4470		0
4471		0
4472		43
4473		8
4474		8
4475		25
4476		16.5
4477		8
4478		0
4479		0
4480		8
4481		8
4482		12.5
4483		0
4484		20
4485		16
4486		0
4487		0
4488		8
4489		10
4490		8
4491		0
4492		18.25
4493		17.75
4494		8
4495		0
4496		11
4497		8
4498		12
4499		25
4500		21
4501		7.5
4502		8.5
4503		0
4504		8
4505		16.25
4506		46
4507		8
4508		8
4509		8.33333
4510		8.5
4511		0
4512		21
4513		27.5
4514		8
4515		9
4516		40
4517		8
4518		8
4519		9.5
4520		20.3333
4521		0
4522		8.5
4523		8
4524		8
4525		20.3333
4526		42
4527		8
4528		8
4529		23.5
4530		8.5
4531		6
4532		7
4533		18.6667
4534		0
4535		15
4536		10
4537		8
4538		19
4539		23.5
4540		8
4541		8
4542		0
4543		8
4544		24.5
4545		10
4546		8
4547		0
4548		40
4549		8
4550		0
4551		0
4552		18.3333
4553		7.75
4554		11.5
4555		7
4556		8
4557		44
4558		10
4559		6
4560		8
4561		18
4562		8
4563		8
4564		19.6667
4565		6
4566		8
4567		7
4568		22.5
4569		8
4570		25
4571		0
4572		7
4573		8
4574		0
4575		23.5
4576		9
4577		15
4578		7
4579		0
4580		8
4581		0
4582		0
4583		0
4584		43.5
4585		9.2
4586		8
4587		0
4588		8
4589		0
4590		27.5
4591		0
4592		10.5
4593		20.3333
4594		8
4595		11
4596		8
4597		25.5
4598		9
4599		6
4600		27
4601		0
4602		8
4603		8
4604		26
4605		9.33333
4606		27
4607		8
4608		7.5
4609		14
4610		12
4611		24
4612		11.5
4613		8
4614		8
4615		0
4616		11.6667
4617		9.66667
4618		19
4619		9
4620		0
4621		0
4622		8
4623		0
4624		20.6667
4625		9
4626		11.5
4627		25.6667
4628		16
4629		8
4630		14
4631		0
4632		7.5
4633		19.6667
4634		7.66667
4635		0
4636		34.5
4637		11.5
4638		8
4639		13
4640		6
4641		7
4642		50.5
4643		10
4644		16
4645		14.5
4646		0
4647		8
4648		12.5
4649		9
4650		12
4651		27.5
4652		8
4653		8
4654		0
4655		0
4656		8
4657		9.5
4658		8
4659		41.5
4660		33.5
4661		10
4662		0
4663		0
4664		28
4665		8
4666		6
4667		0
4668		16.6
4669		29.5
4670		12
4671		0
4672		8
4673		8
4674		8
4675		0
4676		22.3333
4677		17.4
4678		8
4679		0
4680		0
4681		45
4682		27.5
4683		0
4684		11
4685		8
4686		8
4687		0
4688		17.6667
4689		47
4690		11
4691		9
4692		21.5
4693		8.5
4694		0
4695		0
4696		26.5
4697		11
4698		7
4699		8
4700		0
4701		18
4702		27.5
4703		0
4704		15
4705		8
4706		8
4707		11
4708		23
4709		24
4710		12.6667
4711		6
4712		22.5
4713		8.5
4714		7
4715		8
4716		24
4717		13.25
4718		22.5
4719		7
4720		0
4721		7.75
4722		0
4723		24
4724		12.6
4725		15.5
4726		8
4727		8
4728		0
4729		8.75
4730		20.25
4731		7
4732		15.75
4733		9
4734		8
4735		0
4736		23.5
4737		7.33333
4738		17.6667
4739		8
4740		8.5
4741		8
4742		7
4743		0
4744		9
4745		15.875
4746		0
4747		0
4748		8
4749		17.6667
4750		7.75
4751		6
4752		19.6667
4753		8
4754		8
4755		0
4756		22.5
4757		8.33333
4758		16
4759		8
4760		0
4761		9
4762		8
4763		0
4764		8
4765		14.8
4766		8
4767		42
4768		12
4769		8
4770		8
4771		0
4772		29.6667
4773		8
4774		9
4775		6
4776		9
4777		8
4778		18.6667
4779		0
4780		8
4781		19
4782		8
4783		8
4784		8
4785		15.75
4786		8
4787		44
4788		0
4789		7.66667
4790		0
4791		9
4792		24.5
4793		8
4794		6
4795		0
4796		9
4797		8
4798		23
4799		8
4800		8
4801		20
4802		8
4803		0
4804		8
4805		15.75
4806		8
4807		42
4808		0
4809		8
4810		8
4811		0
4812		20.6
4813		8
4814		0
4815		0
4816		9
4817		7
4818		39.5
4819		0
4820		8
4821		8.4
4822		0
4823		0
4824		8
4825		21.6
4826		0
4827		9
4828		11
4829		8
4830		0
4831		0
4832		40
4833		8
4834		8
4835		8
4836		8
4837		8
4838		19.6667
4839		0
4840		0
4841		19
4842		0
4843		11
4844		7
4845		24
4846		8
4847		0
4848		26.5
4849		8
4850		0
4851		8
4852		19
4853		8
4854		44
4855		0
4856		8
4857		8
4858		40
4859		14
4860		7
4861		9.66667
4862		0
4863		0
4864		28
4865		8
4866		0
4867		25
4868		10.5
4869		8
4870		27.5
4871		0
4872		7
4873		8.33333
4874		9.5
4875		6
4876		25
4877		19
4878		7.5
4879		45
4880		7.5
4881		9.33333
4882		8
4883		7
4884		31
4885		18
4886		9
4887		0
4888		7.5
4889		7.5
4890		9.5
4891		8
4892		8
4893		20.6667
4894		21.3333
4895		6
4896		8
4897		24
4898		8.33333
4899		6
4900		23.6667
4901		7.5
4902		38
4903		8.5
4904		8
4905		8.5
4906		8
4907		49
4908		8
4909		15
4910		8
4911		8
4912		10.5
4913		20.6667
4914		7
4915		6.5
4916		23.5
4917		8
4918		9
4919		19
4920		8
4921		7.33333
4922		30.5
4923		8
4924		8
4925		12
4926		8
4927		8
4928		21
4929		12
4930		8
4931		0
4932		13.3333
4933		8
4934		9
4935		15.25
4936		7.5
4937		11.5
4938		20.25
4939		0
4940		8
4941		15.75
4942		0
4943		8
4944		22.6667
4945		9.25
4946		8
4947		0
4948		19
4949		8
4950		8
4951		54
4952		9.5
4953		11.3333
4954		23.5
4955		6.5
4956		8
4957		8
4958		10.3333
4959		0
4960		8
4961		14.2
4962		8
4963		8
4964		37
4965		11.5
4966		8
4967		0
4968		24.5
4969		9.5
4970		34.5
4971		8.5
4972		10
4973		8
4974		9
4975		40
4976		45
4977		8
4978		8.5
4979		8
4980		17.75
4981		25
4982		0
4983		8
4984		40
4985		9
4986		7
4987		19
4988		9
4989		8.5
4990		42
4991		7
4992		8
4993		13.4
4994		12
4995		8
4996		18
4997		8
4998		9
4999		8
5000		36
5001		10
5002		8
5003		8
5004		8
5005		15.6
5006		22.5
5007		0
5008		0
5009		7.66667
5010		8
5011		8
5012		23.75
5013		8
5014		7
5015		0
5016		0
5017		8
5018		20.8
5019		7
5020		7.66667
5021		8
5022		8
5023		0
5024		6
5025		18.8333
5026		8
5027		8
5028		0
5029		8.33333
5030		0
5031		0
5032		29.6667
5033		8
5034		8
5035		0
5036		11
5037		8
5038		27.5
5039		8
5040		8
5041		15.2
5042		9.5
5043		0
5044		7
5045		19
5046		7.5
5047		8
5048		21
5049		8.4
5050		9
5051		6.5
5052		40
5053		8
5054		27.5
5055		10
5056		8.25
5057		10.75
5058		8
5059		24.5
5060		43
5061		7.5
5062		10.5
5063		7
5064		8
5065		16
5066		9
5067		19
5068		0
5069		8.8
5070		11
5071		13.5
5072		7
5073		22
5074		25
5075		0
5076		11.6667
5077		7.66667
5078		8
5079		8
5080		20
5081		8
5082		10.5
5083		8
5084		8
5085		8
5086		30
5087		7
5088		8
5089		17.75
5090		8
5091		8
5092		10
5093		22.3333
5094		0
5095		8
5096		44
5097		8
5098		0
5099		0
5100		8
5101		8
5102		28.75
5103		10
5104		0
5105		8
5106		0
5107		0
5108		22
5109		7.5
5110		8
5111		20.6667
5112		0
5113		17
5114		0
5115		0
5116		8
5117		18.75
5118		7
5119		0
5120		28
5121		8
5122		13
5123		44
5124		0
5125		8
5126		8
5127		0
5128		19.3333
5129		31
5130		8
5131		0
5132		9
5133		23
5134		0
5135		0
5136		21.6667
5137		8
5138		9
5139		39
5140		8
5141		8
5142		46
5143		0
5144		36
5145		9.66667
5146		7.5
5147		0
5148		10
5149		17.5
5150		0
5151		0
5152		0
5153		18
5154		8.33333
5155		0
5156		20.6667
5157		8
5158		9
5159		38
5160		8
5161		7.33333
5162		25
5163		0
5164		38
5165		8.5
5166		8
5167		0
5168		10
5169		14.2
5170		9
5171		0
5172		9.66667
5173		18.6667
5174		8.5
5175		0
5176		24
5177		8
5178		10
5179		23.5
5180		8
5181		8.66667
5182		24
5183		0
5184		40
5185		8.4
5186		8
5187		8
5188		11
5189		13.1667
5190		9
5191		0
5192		15
5193		8
5194		18.25
5195		7.5
5196		18.6667
5197		8
5198		11.5
5199		6
5200		8
5201		16
5202		18.6667
5203		8
5204		0
5205		9.2
5206		0
5207		8
5208		17.2
5209		13
5210		9
5211		0
5212		17
5213		8
5214		22
5215		7.5
5216		16
5217		8
5218		11.3333
5219		6
5220		8
5221		20.6667
5222		18.6667
5223		8
5224		0
5225		9.4
5226		0
5227		8
5228		16
5229		15.5
5230		9
5231		0
5232		29.5
5233		8
5234		10
5235		9
5236		16
5237		8
5238		12
5239		6
5240		7.5
5241		17.25
5242		18.6667
5243		7.5
5244		8
5245		8.25
5246		8
5247		7.5
5248		17.5
5249		13.1667
5250		0
5251		8
5252		12
5253		8
5254		10
5255		0
5256		16
5257		15.4
5258		12
5259		6
5260		8
5261		8
5262		21
5263		7
5264		0
5265		8.66667
5266		0
5267		8
5268		7
5269		18.6667
5270		0
5271		8.5
5272		12.5
5273		15.8
5274		8
5275		0
5276		24
5277		8
5278		12.5
5279		7
5280		21.3333
5281		0
5282		17.25
5283		7
5284		45
5285		8.75
5286		8
5287		11
5288		8
5289		24.25
5290		8
5291		8
5292		10.5
5293		8
5294		8
5295		8
5296		40
5297		10.3333
5298		21.3333
5299		0
5300		8.5
5301		8
5302		8
5303		24
5304		38
5305		7.5
5306		8
5307		0
5308		8
5309		14.8
5310		0
5311		8
5312		0
5313		15.2
5314		8
5315		0
5316		23.5
5317		8
5318		40
5319		0
5320		0
5321		8
5322		18.6667
5323		7
5324		19
5325		7.5
5326		0
5327		0
5328		10
5329		13
5330		8
5331		8
5332		18.6667
5333		8
5334		0
5335		0
5336		18.3333
5337		9.25
5338		7.66667
5339		43
5340		8
5341		8
5342		39
5343		0
5344		27
5345		8.5
5346		8
5347		0
5348		7.5
5349		17.25
5350		14
5351		0
5352		9.5
5353		14.6
5354		8
5355		0
5356		18.6667
5357		8
5358		9.33333
5359		24.5
5360		7
5361		8
5362		24
5363		0
5364		39
5365		8.5
5366		8
5367		8
5368		9.66667
5369		11.75
5370		9
5371		0
5372		13
5373		8
5374		19.6667
5375		7.5
5376		16
5377		8
5378		10.5
5379		6
5380		0
5381		17
5382		24
5383		8
5384		9
5385		7
5386		0
5387		8
5388		28
5389		12.1429
5390		9
5391		0
5392		18.6667
5393		8
5394		0
5395		9
5396		18.6667
5397		8
5398		8.5
5399		42
5400		0
5401		8.33333
5402		24.5
5403		8
5404		22.5
5405		8
5406		9
5407		0
5408		10.5
5409		14
5410		0
5411		0
5412		10
5413		24.5
5414		7.66667
5415		0
5416		18.6667
5417		8
5418		9
5419		0
5420		23.5
5421		9
5422		24
5423		7
5424		38
5425		8
5426		8
5427		6
5428		12
5429		15.75
5430		9
5431		8
5432		8
5433		6
5434		28
5435		0
5436		24
5437		9.25
5438		8
5439		0
5440		20.3333
5441		10
5442		24
5443		7
5444		14
5445		19
5446		8
5447		0
5448		12
5449		20
5450		14
5451		7
5452		8
5453		7.5
5454		11.25
5455		0
5456		23.25
5457		9.66667
5458		8
5459		8
5460		8
5461		16.75
5462		16
5463		6.5
5464		12
5465		14
5466		8
5467		9
5468		12.5
5469		18.6667
5470		14
5471		7
5472		10
5473		7.66667
5474		13
5475		8
5476		22
5477		6.5
5478		8
5479		8
5480		8
5481		11
5482		24
5483		7
5484		9
5485		17
5486		8
5487		9
5488		12
5489		13.3333
5490		20
5491		8
5492		8
5493		8
5494		14
5495		8
5496		22.5
5497		8.8
5498		8
5499		0
5500		0
5501		13.6667
5502		18.6667
5503		35
5504		14
5505		8
5506		8
5507		0
5508		17
5509		16
5510		9
5511		6
5512		9
5513		8
5514		15
5515		0
5516		18.6667
5517		15
5518		8
5519		9
5520		8
5521		11.75
5522		24
5523		0
5524		25.5
5525		8
5526		9
5527		8.5
5528		7
5529		14.4
5530		6
5531		0
5532		8
5533		9.5
5534		8
5535		28.5
5536		25
5537		8
5538		8
5539		0
5540		18.75
5541		8.33333
5542		23
5543		0
5544		8.5
5545		8
5546		0
5547		0
5548		9
5549		15.75
5550		8
5551		53
5552		8
5553		8
5554		10
5555		0
5556		25.75
5557		7.33333
5558		8
5559		0
5560		8
5561		9.5
5562		42.5
5563		8
5564		8
5565		9.25
5566		9
5567		0
5568		9
5569		20.3333
5570		8
5571		8
5572		29
5573		8
5574		10
5575		0
5576		30.3333
5577		7.75
5578		11
5579		8
5580		8
5581		13
5582		26.5
5583		8
5584		7
5585		16.25
5586		8
5587		11
5588		6
5589		40
5590		7.33333
5591		7
5592		8.5
5593		8
5594		0
5595		8
5596		29.6667
5597		7
5598		8
5599		0
5600		9
5601		16
5602		26.5
5603		7
5604		7
5605		8
5606		8
5607		0
5608		14.6
5609		17
5610		8.33333
5611		8
5612		21
5613		8
5614		10.5
5615		6
5616		20
5617		8.25
5618		8
5619		0
5620		8
5621		10
5622		23.5
5623		7.5
5624		7.75
5625		8
5626		0
5627		0
5628		10.5
5629		14.1667
5630		8
5631		8.5
5632		8
5633		8
5634		15
5635		6
5636		24
5637		15
5638		8
5639		8
5640		0
5641		10
5642		26.5
5643		7.5
5644		19
5645		8
5646		0
5647		0
5648		29
5649		18.6667
5650		8
5651		7.5
5652		7.5
5653		9
5654		17
5655		6
5656		40
5657		8.33333
5658		20.3333
5659		8
5660		9.5
5661		8.8
5662		40
5663		7.5
5664		7
5665		8
5666		0
5667		0
5668		8
5669		15.75
5670		8
5671		10.5
5672		8
5673		8
5674		0
5675		0
5676		23.5
5677		8.33333
5678		25
5679		0
5680		8.5
5681		8.5
5682		40
5683		7
5684		7.5
5685		31.5
5686		0
5687		0
5688		10
5689		14.4
5690		10
5691		7
5692		31.5
5693		0
5694		9
5695		6
5696		18
5697		8
5698		32
5699		9
5700		0
5701		14.5
5702		8
5703		24.5
5704		9.33333
5705		7.66667
5706		0
5707		8
5708		11
5709		18.6667
5710		10.5
5711		9
5712		34.5
5713		10
5714		9
5715		19
5716		8
5717		11.5
5718		25
5719		8
5720		7
5721		8
5722		29.5
5723		8
5724		21.3333
5725		7.5
5726		14
5727		7
5728		8
5729		7.5
5730		10
5731		24.5
5732		8
5733		11.5
5734		8.5
5735		8
5736		15
5737		9
5738		7
5739		8
5740		29
5741		8
5742		9
5743		0
5744		9.33333
5745		8.66667
5746		8
5747		7
5748		8.5
5749		41.6667
5750		10
5751		0
5752		12
5753		8
5754		9
5755		8
5756		20.3333
5757		10.5
5758		30.3333
5759		8
5760		8
5761		0
5762		26
5763		7.5
5764		10
5765		25
5766		8
5767		8
5768		0
5769		45
5770		14
5771		7
5772		20.6
5773		8
5774		9
5775		0
5776		43
5777		15
5778		9.66667
5779		8
5780		8
5781		37
5782		25
5783		0
5784		16
5785		9.5
5786		8
5787		26.5
5788		7
5789		24
5790		12
5791		0
5792		10
5793		8
5794		20.3333
5795		9
5796		16
5797		12.5
5798		9
5799		8
5800		18.6667
5801		7
5802		24
5803		8
5804		16.5
5805		8.75
5806		8
5807		8
5808		12
5809		20.6667
5810		18
5811		25.5
5812		9
5813		8
5814		10
5815		9
5816		26
5817		7.25
5818		9.5
5819		8
5820		31
5821		7.5
5822		8
5823		8
5824		37
5825		9
5826		8
5827		0
5828		8
5829		25.25
5830		9
5831		6
5832		14
5833		7.8
5834		34
5835		6
5836		27.5
5837		7.66667
5838		11
5839		8
5840		15.6667
5841		7.66667
5842		27.5
5843		8
5844		8
5845		15
5846		8.5
5847		0
5848		0
5849		16
5850		0
5851		0
5852		8
5853		8.5
5854		0
5855		0
5856		29.3333
5857		8
5858		8.66667
5859		0
5860		23
5861		8
5862		19.6667
5863		7
5864		8
5865		8.25
5866		9.66667
5867		6
5868		8
5869		23.25
5870		8
5871		8
5872		0
5873		8.4
5874		9
5875		7
5876		18.3333
5877		8
5878		24.5
5879		0
5880		14
5881		8
5882		8.33333
5883		31
5884		9
5885		24
5886		11
5887		6
5888		0
5889		23.5
5890		8
5891		9.5
5892		19
5893		9.66667
5894		18
5895		8
5896		11.5
5897		8
5898		25.5
5899		9
5900		13
5901		15.2
5902		8
5903		0
5904		19.3333
5905		10.5
5906		7.5
5907		7
5908		20.6667
5909		8.75
5910		7.33333
5911		0
5912		28.5
5913		19.3333
5914		0
5915		8
5916		7.5
5917		8
5918		10
5919		41
5920		26
5921		8.5
5922		8
5923		0
5924		8.33333
5925		18.25
5926		16.25
5927		8
5928		15
5929		8
5930		8
5931		0
5932		9
5933		8.6
5934		8
5935		32.3333
5936		8
5937		0
5938		0
5939		0
5940		8
5941		13
5942		7.75
5943		0
5944		32.6667
5945		0
5946		0
5947		0
5948		24.5
5949		7.8
5950		8
5951		7
5952		0
5953		21.3333
5954		0
5955		0
5956		8
5957		17.25
5958		0
5959		8
5960		17.5
5961		27.5
5962		8.5
5963		0
5964		0
5965		8
5966		20
5967		22.5
5968		7.5
5969		8.66667
5970		0
5971		0
5972		35
5973		15.4
5974		7
5975		8
5976		10
5977		17
5978		0
5979		0
5980		27.5
5981		7.6
5982		9.33333
5983		35
5984		7.66667
5985		8
5986		21.6667
5987		0
5988		0
5989		9
5990		8
5991		0
5992		22.5
5993		16.5
5994		8
5995		7.5
5996		18.3333
5997		8
5998		8
5999		29
6000		10
6001		7.66667
6002		23.5
6003		8
6004		7.5
6005		0
6006		26
6007		8
6008		15
6009		13.6
6010		8.33333
6011		0
6012		15.75
6013		13
6014		0
6015		7.5
6016		14.75
6017		8
6018		13.5
6019		13
6020		11
6021		24
6022		0
6023		8
6024		18
6025		8
6026		8.5
6027		8
6028		0
6029		10.6667
6030		19.6667
6031		0
6032		8
6033		8.2
6034		44
6035		10.5
6036		43
6037		8
6038		8
6039		0
6040		9
6041		7.5
6042		9
6043		20
6044		0
6045		49
6046		11
6047		0
6048		8
6049		17.75
6050		8
6051		15
6052		0
6053		12
6054		9
6055		7.5
6056		7.5
6057		8
6058		20.6667
6059		8
6060		9.5
6061		33
6062		0
6063		8
6064		16.5
6065		9.5
6066		13
6067		0
6068		7
6069		7.66667
6070		35.5
6071		13
6072		10
6073		18.25
6074		6
6075		8
6076		35.5
6077		8
6078		10
6079		8.5
6080		11.5
6081		7.66667
6082		27
6083		8
6084		7.5
6085		9.25
6086		27.3333
6087		8
6088		45
6089		7.75
6090		9
6091		9
6092		25.3333
6093		9.6
6094		8
6095		7.5
6096		0
6097		28
6098		11
6099		8
6100		10.3333
6101		9
6102		48
6103		8
6104		12
6105		15
6106		24.3333
6107		10
6108		27.5
6109		8.8
6110		9
6111		0
6112		18.25
6113		13
6114		12
6115		9.66667
6116		7.5
6117		18.25
6118		9.5
6119		0
6120		11.6667
6121		21
6122		9
6123		20
6124		12
6125		9.33333
6126		13.5
6127		0
6128		7
6129		10
6130		18
6131		14
6132		10.5
6133		11
6134		0
6135		8
6136		20.6667
6137		7.66667
6138		30
6139		8
6140		13
6141		8.66667
6142		7
6143		7
6144		21.6667
6145		18
6146		13.5
6147		11
6148		28
6149		8
6150		0
6151		9
6152		20.3333
6153		8.6
6154		20.3333
6155		8
6156		11.5
6157		0
6158		46
6159		0
6160		8.5
6161		8.33333
6162		0
6163		46
6164		8.5
6165		44
6166		9
6167		6
6168		10
6169		8
6170		24
6171		8
6172		25
6173		0
6174		7.5
6175		8
6176		7.5
6177		14.2
6178		42
6179		7
6180		8
6181		7
6182		0
6183		0
6184		11.3333
6185		8
6186		26.5
6187		19
6188		8
6189		8
6190		0
6191		0
6192		11.3333
6193		9.2
6194		0
6195		27.5
6196		26
6197		9
6198		0
6199		0
6200		8
6201		8
6202		21
6203		7
6204		14.5
6205		21
6206		10
6207		0
6208		6.66667
6209		15.6
6210		10
6211		11.5
6212		8
6213		9.5
6214		49
6215		8
6216		7.66667
6217		8.71429
6218		28
6219		8
6220		25
6221		8
6222		7
6223		8
6224		10
6225		8.42857
6226		12
6227		28
6228		8
6229		8
6230		8
6231		9
6232		8
6233		18.75
6234		8.5
6235		8
6236		57
6237		8
6238		0
6239		8
6240		19
6241		0
6242		7.5
6243		9
6244		8
6245		32.5
6246		27.5
6247		0
6248		8
6249		8
6250		8.66667
6251		8.5
6252		32.5
6253		27
6254		0
6255		8
6256		0
6257		8
6258		8
6259		32.5
6260		18.75
6261		0
6262		7
6263		8
6264		31.5
6265		8
6266		9
6267		40
6268		11.5
6269		13
6270		8
6271		9
6272		8
6273		18.4
6274		8
6275		8
6276		19.3333
6277		8
6278		0
6279		8
6280		14
6281		7.66667
6282		9.66667
6283		7.5
6284		28
6285		45
6286		14
6287		0
6288		7.5
6289		7.5
6290		8
6291		8
6292		27
6293		31.5
6294		8
6295		0
6296		7
6297		8.5
6298		25.5
6299		47
6300		15.5
6301		8
6302		9
6303		0
6304		22
6305		8
6306		10.6667
6307		47
6308		7.75
6309		11
6310		11
6311		6
6312		0
6313		10.5
6314		7.66667
6315		51
6316		27.5
6317		8.5
6318		0
6319		8
6320		12.5
6321		8
6322		8
6323		0
6324		17
6325		28.5
6326		11.3333
6327		0
6328		8
6329		10.5
6330		46
6331		6.33333
6332		0
6333		12
6334		18.25
6335		0
6336		6
6337		8
6338		0
6339		8
6340		38.3333
6341		8
6342		0
6343		0
6344		8
6345		9.5
6346		11
6347		49
6348		8.66667
6349		23.3333
6350		0
6351		0
6352		8
6353		10.3333
6354		8
6355		0
6356		21.6667
6357		9
6358		0
6359		0
6360		12
6361		23
6362		26
6363		0
6364		9.5
6365		8
6366		12
6367		52
6368		8
6369		26
6370		9.33333
6371		6
6372		29
6373		12.5
6374		8
6375		0
6376		31.3333
6377		9.66667
6378		8
6379		7
6380		11.3333
6381		9.33333
6382		42
6383		7
6384		8
6385		7.66667
6386		13
6387		8
6388		7
6389		18.6667
6390		8
6391		8
6392		0
6393		8
6394		8
6395		0
6396		20
6397		43
6398		8
6399		6
6400		0
6401		8
6402		26.5
6403		7
6404		25.5
6405		8
6406		0
6407		8
6408		0
6409		24
6410		7
6411		8
6412		8
6413		11
6414		0
6415		0
6416		23.5
6417		8
6418		30
6419		0
6420		9.5
6421		9.33333
6422		40
6423		7
6424		30
6425		0
6426		8
6427		0
6428		9.66667
6429		18.3333
6430		8
6431		8
6432		0
6433		8
6434		56
6435		6
6436		18.3333
6437		7.5
6438		8
6439		0
6440		0
6441		7.5
6442		40
6443		30.5
6444		8
6445		7
6446		9
6447		0
6448		29
6449		20.3333
6450		8
6451		9
6452		10
6453		8
6454		20
6455		0
6456		20.3333
6457		8.25
6458		0
6459		8
6460		8
6461		9
6462		24
6463		7
6464		9
6465		16
6466		12
6467		7
6468		19
6469		8
6470		10
6471		25
6472		26
6473		8
6474		8.5
6475		8
6476		7.5
6477		11
6478		16
6479		26.5
6480		26
6481		8.5
6482		9
6483		0
6484		25.5
6485		8.33333
6486		8
6487		8
6488		8
6489		15.8
6490		8
6491		0
6492		9.5
6493		7.66667
6494		48
6495		6
6496		17.75
6497		8
6498		6
6499		0
6500		8
6501		25.5
6502		46
6503		8.5
6504		0
6505		8.75
6506		8
6507		0
6508		21.3333
6509		47
6510		0
6511		8
6512		10
6513		8
6514		10
6515		6
6516		26.5
6517		20.3333
6518		10
6519		6
6520		8
6521		20
6522		19.3333
6523		8
6524		0
6525		8
6526		8
6527		8
6528		15.2
6529		16
6530		0
6531		0
6532		11
6533		8
6534		9
6535		41
6536		24
6537		8
6538		11
6539		6
6540		8
6541		9
6542		14.4
6543		8
6544		45
6545		8.4
6546		0
6547		8
6548		18.6667
6549		14.4
6550		9.33333
6551		0
6552		11
6553		8
6554		8
6555		26
6556		10
6557		14.8
6558		9.25
6559		6.5
6560		9.33333
6561		7.33333
6562		8
6563		8
6564		25
6565		8.75
6566		27
6567		8
6568		8
6569		8
6570		10
6571		7
6572		18.25
6573		17
6574		8
6575		0
6576		39
6577		8
6578		9.66667
6579		7
6580		26
6581		14.2
6582		8.5
6583		7
6584		0
6585		11
6586		19.3333
6587		8
6588		23.5
6589		7.75
6590		8
6591		8
6592		11.5
6593		19.6667
6594		8
6595		36
6596		8
6597		8
6598		11.5
6599		6
6600		26.5
6601		17.6667
6602		8
6603		8
6604		0
6605		7.5
6606		28.6667
6607		8
6608		7.5
6609		7.5
6610		0
6611		0
6612		16.75
6613		18.3333
6614		0
6615		9
6616		8
6617		8
6618		12
6619		7
6620		18.6667
6621		18.3333
6622		9
6623		8
6624		9
6625		7.5
6626		39
6627		8
6628		0
6629		7.25
6630		0
6631		0
6632		8.66667
6633		18.3333
6634		0
6635		9
6636		0
6637		20
6638		9
6639		0
6640		16
6641		8
6642		0
6643		8
6644		44
6645		8
6646		17.5
6647		0
6648		8
6649		0
6650		0
6651		0
6652		9
6653		19.3333
6654		8
6655		0
6656		10
6657		0
6658		0
6659		6
6660		22.4
6661		7.8
6662		0
6663		0
6664		0
6665		8
6666		31.6667
6667		8
6668		8
6669		8
6670		9
6671		0
6672		16.75
6673		16
6674		8
6675		0
6676		24.5
6677		8
6678		8
6679		6
6680		16.5
6681		8.5
6682		9
6683		0
6684		0
6685		14.6
6686		14.2
6687		8
6688		8
6689		7.5
6690		8
6691		0
6692		39
6693		11.5556
6694		8
6695		0
6696		38
6697		8
6698		0
6699		6
6700		20
6701		8
6702		22
6703		0
6704		0
6705		8
6706		20.3333
6707		8
6708		18
6709		7.75
6710		8
6711		0
6712		8
6713		18.5
6714		8
6715		23
6716		0
6717		8
6718		0
6719		0
6720		27
6721		8.33333
6722		9
6723		8
6724		25
6725		8
6726		14
6727		41
6728		10
6729		11.75
6730		8
6731		11
6732		8
6733		21.3333
6734		7
6735		6
6736		0
6737		8
6738		9.5
6739		8
6740		18
6741		8
6742		8
6743		8
6744		7.5
6745		31.5
6746		24
6747		7
6748		7.66667
6749		7
6750		0
6751		0
6752		24.3333
6753		40
6754		9
6755		8
6756		9
6757		7.66667
6758		56
6759		0
6760		40
6761		8
6762		8
6763		0
6764		7.33333
6765		9.33333
6766		39
6767		59
6768		0
6769		8
6770		8
6771		0
6772		19.25
6773		19
6774		10.5
6775		0
6776		0
6777		7.5
6778		8
6779		39
6780		7.33333
6781		19.6667
6782		8
6783		10
6784		8
6785		8
6786		0
6787		0
6788		31.3333
6789		8
6790		0
6791		8
6792		10.5
6793		0
6794		44
6795		0
6796		8
6797		15.2
6798		0
6799		0
6800		8
6801		10
6802		6
6803		45
6804		10
6805		8
6806		46
6807		0
6808		17.5
6809		8
6810		8
6811		0
6812		21
6813		10.5
6814		8
6815		0
6816		8
6817		17.75
6818		0
6819		0
6820		13
6821		16.4
6822		8
6823		0
6824		22
6825		8
6826		9.66667
6827		0
6828		17.75
6829		8
6830		28
6831		6
6832		8
6833		8
6834		15.2
6835		41
6836		8
6837		8.25
6838		0
6839		8
6840		8
6841		14.8
6842		7.5
6843		0
6844		28.5
6845		8
6846		7.5
6847		9
6848		24
6849		8
6850		8
6851		6
6852		8
6853		7.66667
6854		21
6855		7.5
6856		8
6857		16.25
6858		0
6859		8
6860		8
6861		14.6667
6862		8.5
6863		8
6864		10
6865		7.66667
6866		0
6867		9
6868		23.5
6869		8
6870		22
6871		0
6872		8
6873		8
6874		40
6875		7.5
6876		9
6877		19
6878		8
6879		0
6880		8
6881		40
6882		0
6883		8
6884		22.6667
6885		8
6886		0
6887		0
6888		43
6889		10
6890		11.5
6891		0
6892		8
6893		11
6894		0
6895		44
6896		11
6897		11.5
6898		8
6899		0
6900		8
6901		15.5
6902		9.5
6903		0
6904		12.5
6905		8
6906		25.5
6907		0
6908		8
6909		9
6910		29
6911		9
6912		19.3333
6913		13.6667
6914		9
6915		9
6916		13
6917		12.5
6918		8
6919		20.3333
6920		25.5
6921		8
6922		10.5
6923		8
6924		30
6925		7.75
6926		12
6927		0
6928		25.75
6929		10.6667
6930		18
6931		8
6932		8
6933		8
6934		8.5
6935		7
6936		15
6937		21.6667
6938		8
6939		8
6940		8
6941		8
6942		11.5
6943		8
6944		29.25
6945		7.75
6946		8.33333
6947		0
6948		21.5
6949		16
6950		25
6951		7
6952		8
6953		8.25
6954		8
6955		37
6956		11.5
6957		25.3333
6958		8
6959		8
6960		9
6961		7
6962		27.5
6963		0
6964		25
6965		8
6966		8
6967		0
6968		8
6969		21.6667
6970		25.3333
6971		8
6972		8
6973		8
6974		0
6975		0
6976		22.25
6977		23
6978		8
6979		16.5
6980		0
6981		8.5
6982		15.5
6983		0
6984		13.3333
6985		8
6986		8
6987		45
6988		44
6989		12
6990		17.6667
6991		10.5
6992		7.5
6993		8
6994		0
6995		0
6996		19
6997		25
6998		8.5
6999		8
7000		8
7001		8
7002		8
7003		0
7004		10
7005		8
7006		19.75
7007		52
7008		11
7009		8.5
7010		12
7011		10.5
7012		25.6
7013		6
7014		8
7015		0
7016		8
7017		10
7018		22.3333
7019		28.5
7020		7.5
7021		8
7022		9.5
7023		11
7024		25.6667
7025		17.5
7026		0
7027		10
7028		38
7029		9
7030		11
7031		8
7032		14.5
7033		0
7034		0
7035		8
7036		8.5
7037		14.2
7038		14
7039		0
7040		10
7041		0
7042		0
7043		7
7044		23.5
7045		13
7046		8
7047		9
7048		17.6667
7049		0
7050		0
7051		8
7052		24
7053		8
7054		7.5
7055		8
7056		8
7057		25.5
7058		26
7059		0
7060		8.66667
7061		8
7062		8
7063		8.5
7064		19.6667
7065		19.6667
7066		8
7067		0
7068		8
7069		7.33333
7070		10
7071		8
7072		20
7073		20
7074		8
7075		0
7076		10
7077		8.75
7078		19.3333
7079		9.5
7080		26.3333
7081		16
7082		8
7083		0
7084		6
7085		14
7086		22.6667
7087		7.33333
7088		7.5
7089		8
7090		8
7091		6
7092		24
7093		16.75
7094		8
7095		8
7096		0
7097		15
7098		23
7099		8
7100		10
7101		7
7102		8
7103		6
7104		21.25
7105		24
7106		8
7107		0
7108		8
7109		8
7110		11
7111		38
7112		19
7113		8
7114		9
7115		0
7116		24
7117		9
7118		23
7119		14
7120		17
7121		13
7122		0
7123		0
7124		6
7125		16
7126		12
7127		8
7128		11
7129		18
7130		0
7131		6
7132		19
7133		22
7134		0
7135		0
7136		8
7137		11.6667
7138		18.3333
7139		8
7140		22
7141		10
7142		9
7143		0
7144		11.3333
7145		14.2
7146		8
7147		38
7148		7.5
7149		7.33333
7150		0
7151		0
7152		18.6667
7153		7.6
7154		17.3333
7155		6
7156		0
7157		8
7158		24.5
7159		0
7160		17.3333
7161		8
7162		7.5
7163		8.33333
7164		37
7165		24
7166		0
7167		0
7168		8.33333
7169		8
7170		23.5
7171		8
7172		40
7173		8
7174		0
7175		6
7176		7
7177		17.6667
7178		19
7179		9
7180		15
7181		8
7182		0
7183		8
7184		22.5
7185		7.33333
7186		0
7187		19.3333
7188		7.5
7189		12
7190		22
7191		0
7192		0
7193		8
7194		9
7195		0
7196		23.75
7197		8
7198		8
7199		12
7200		9
7201		8
7202		8
7203		0
7204		8
7205		21.3333
7206		41
7207		8
7208		0
7209		9.33333
7210		8
7211		0
7212		25.75
7213		7.66667
7214		0
7215		0
7216		13
7217		8
7218		20.6667
7219		7
7220		9
7221		17
7222		9
7223		6
7224		8
7225		27
7226		19.6667
7227		8
7228		8
7229		7.8
7230		0
7231		8
7232		20
7233		8
7234		8
7235		45
7236		11
7237		8.4
7238		25
7239		9
7240		8
7241		25
7242		9.66667
7243		6
7244		10
7245		16
7246		8
7247		8
7248		44
7249		9
7250		9.5
7251		7
7252		18.6667
7253		11
7254		9
7255		7
7256		10
7257		12
7258		20.6667
7259		24.5
7260		19
7261		8
7262		10.5
7263		7
7264		19.5
7265		18.3333
7266		0
7267		15
7268		8
7269		19.4
7270		11
7271		7
7272		8
7273		7
7274		42
7275		8
7276		11
7277		8
7278		8
7279		8
7280		28.5
7281		10
7282		15
7283		30.5
7284		8
7285		17.5
7286		7
7287		18
7288		8
7289		22
7290		0
7291		8
7292		7
7293		8
7294		21.5
7295		0
7296		8
7297		15.5
7298		8
7299		0
7300		9
7301		11
7302		13.5
7303		29
7304		8
7305		8
7306		8
7307		0
7308		0
7309		19.75
7310		7.5
7311		19.5
7312		42
7313		8
7314		0
7315		0
7316		75
7317		8
7318		22.3333
7319		8
7320		9
7321		8.5
7322		6
7323		0
7324		29
7325		8
7326		41.5
7327		0
7328		9
7329		9.66667
7330		8
7331		7
7332		7
7333		29.8
7334		0
7335		9
7336		11
7337		34.5
7338		0
7339		8
7340		21.3333
7341		7.5
7342		11
7343		8
7344		16.25
7345		0
7346		20.3333
7347		6
7348		0
7349		8
7350		8
7351		0
7352		8
7353		18.4286
7354		8
7355		8
7356		7
7357		8
7358		0
7359		0
7360		24.25
7361		7.8
7362		8
7363		0
7364		8
7365		8
7366		42
7367		6.5
7368		8.5
7369		8.25
7370		8.33333
7371		0
7372		6
7373		24.25
7374		0
7375		7.33333
7376		8
7377		7.8
7378		0
7379		0
7380		24.75
7381		7.66667
7382		8
7383		8
7384		8
7385		8
7386		41
7387		7
7388		8
7389		8
7390		8.5
7391		0
7392		6
7393		16.25
7394		0
7395		8
7396		0
7397		8
7398		8
7399		0
7400		21.8
7401		7.83333
7402		8
7403		0
7404		0
7405		8
7406		31.3333
7407		6.5
7408		8
7409		8.2
7410		8.5
7411		0
7412		6
7413		13.8
7414		0
7415		8
7416		19
7417		7.75
7418		0
7419		0
7420		40
7421		8
7422		26
7423		8.5
7424		8
7425		8.66667
7426		40
7427		0
7428		44
7429		8.33333
7430		8
7431		8
7432		9
7433		15.4
7434		0
7435		0
7436		0
7437		8
7438		11
7439		46
7440		14.8
7441		8
7442		0
7443		0
7444		46
7445		7.5
7446		20.3333
7447		0
7448		39
7449		9.66667
7450		0
7451		0
7452		9
7453		17.4286
7454		8.5
7455		0
7456		11
7457		8
7458		8
7459		13
7460		24
7461		8.6
7462		19.3333
7463		6
7464		9.5
7465		9
7466		24
7467		8
7468		13
7469		12.1429
7470		8
7471		8
7472		7.5
7473		24
7474		13
7475		10.5
7476		9.5
7477		8
7478		19
7479		39
7480		7.5
7481		12.5
7482		9.5
7483		7
7484		25
7485		11.6667
7486		9
7487		0
7488		22.8
7489		7.33333
7490		0
7491		7
7492		0
7493		8
7494		11.5
7495		40
7496		8
7497		16.75
7498		10
7499		8
7500		21
7501		17.75
7502		7
7503		0
7504		8.5
7505		8
7506		27
7507		0
7508		20.6667
7509		8
7510		8
7511		0
7512		46
7513		8
7514		27.5
7515		9
7516		8
7517		7.66667
7518		36
7519		0
7520		8
7521		20.5
7522		8
7523		8
7524		6
7525		15.25
7526		0
7527		0
7528		25.3333
7529		8
7530		7
7531		37
7532		8
7533		7.75
7534		23.6667
7535		0
7536		17.3333
7537		7.33333
7538		8
7539		0
7540		6
7541		16.8
7542		8
7543		0
7544		0
7545		13.3333
7546		9
7547		6
7548		22.3333
7549		8
7550		0
7551		0
7552		10
7553		8
7554		23.2
7555		8
7556		8
7557		8
7558		13
7559		6
7560		10
7561		18.5
7562		8
7563		44
7564		0
7565		9
7566		0
7567		8
7568		23.4
7569		7.75
7570		8
7571		8
7572		15
7573		8
7574		20
7575		0
7576		20.3333
7577		9
7578		10.5
7579		6
7580		9
7581		17.8
7582		8
7583		9
7584		0
7585		9.5
7586		8
7587		7
7588		20.25
7589		8
7590		52
7591		8
7592		17
7593		7.66667
7594		23
7595		8
7596		10.3333
7597		52
7598		12.5
7599		8.5
7600		0
7601		12.6667
7602		8
7603		26.5
7604		17.25
7605		8.5
7606		0
7607		8
7608		35
7609		8
7610		16
7611		8
7612		23
7613		9.5
7614		15.5
7615		0
7616		8
7617		16.6667
7618		10.6667
7619		6.66667
7620		0
7621		17.1667
7622		8
7623		0
7624		10
7625		9.5
7626		17.3333
7627		8
7628		36
7629		8
7630		0
7631		0
7632		9.25
7633		19.3333
7634		21.75
7635		7
7636		8
7637		8
7638		12
7639		6.5
7640		17.6667
7641		22.25
7642		8
7643		8
7644		0
7645		9
7646		10
7647		8
7648		19
7649		16.25
7650		0
7651		0
7652		0
7653		17
7654		18
7655		7
7656		7.75
7657		8
7658		12
7659		7
7660		41
7661		21
7662		8
7663		8
7664		10
7665		16
7666		8
7667		8
7668		24.5
7669		15.25
7670		9
7671		0
7672		8.75
7673		8
7674		24.5
7675		7
7676		21
7677		7.5
7678		8.5
7679		0
7680		7.25
7681		20.8
7682		8
7683		8
7684		0
7685		7.66667
7686		9
7687		0
7688		15.8
7689		8.33333
7690		8.5
7691		38
7692		12
7693		7.75
7694		25.5
7695		6
7696		7.5
7697		9
7698		7.66667
7699		0
7700		26.5
7701		13.8571
7702		0
7703		8
7704		7
7705		8
7706		24.5
7707		6.5
7708		26.5
7709		8
7710		16
7711		0
7712		24.5
7713		9
7714		0
7715		21
7716		13
7717		14.4
7718		12
7719		0
7720		9
7721		15.6
7722		0
7723		11.5
7724		7.66667
7725		8
7726		9.5
7727		0
7728		15
7729		8
7730		42
7731		8
7732		9.5
7733		18.25
7734		11.5
7735		0
7736		25
7737		8
7738		0
7739		0
7740		21.3333
7741		10
7742		7
7743		13
7744		0
7745		20.3333
7746		0
7747		0
7748		22.6667
7749		8
7750		8
7751		8
7752		44
7753		8
7754		0
7755		0
7756		8
7757		8
7758		48
7759		7
7760		0
7761		8
7762		0
7763		0
7764		18.75
7765		26
7766		0
7767		8
7768		0
7769		0
7770		0
7771		0
7772		19.3333
7773		15.3333
7774		0
7775		0
7776		0
7777		0
7778		44.5
7779		7
7780		14
7781		7.75
7782		8
7783		0
7784		6
7785		40
7786		14
7787		7
7788		8
7789		21.3333
7790		8
7791		0
7792		18.6667
7793		9.66667
7794		0
7795		8
7796		26.5
7797		8
7798		20.6667
7799		7
7800		26
7801		9
7802		8
7803		9
7804		10
7805		13.1667
7806		8
7807		8
7808		10
7809		8
7810		8
7811		8
7812		40
7813		9
7814		31
7815		10
7816		8
7817		12.5
7818		24.5
7819		0
7820		21.3333
7821		8
7822		8
7823		8
7824		6
7825		17.75
7826		8.5
7827		6
7828		8
7829		8
7830		28
7831		6
7832		19.6667
7833		8
7834		0
7835		8
7836		8
7837		8
7838		19.6667
7839		8
7840		24
7841		8
7842		8
7843		9
7844		6
7845		13.8571
7846		23.3333
7847		6
7848		8
7849		0
7850		8
7851		10.5
7852		26.5
7853		7.5
7854		14
7855		8
7856		8
7857		0
7858		26.5
7859		9
7860		7
7861		14.8333
7862		10
7863		0
7864		14.5
7865		14
7866		8
7867		31.3333
7868		8
7869		8
7870		8
7871		0
7872		10.25
7873		10.5
7874		13
7875		0
7876		26
7877		8
7878		11
7879		12
7880		27.5
7881		13
7882		8
7883		0
7884		26
7885		27.5
7886		8
7887		11
7888		17.25
7889		8
7890		8
7891		0
7892		8
7893		8
7894		49
7895		7
7896		9.5
7897		17.25
7898		8
7899		0
7900		28
7901		9
7902		41
7903		8
7904		7.66667
7905		8
7906		8
7907		7
7908		12
7909		22.3333
7910		8
7911		9
7912		19
7913		7.66667
7914		12
7915		8
7916		31.6667
7917		0
7918		8
7919		8
7920		0
7921		10.1429
7922		30.6667
7923		7
7924		0
7925		8
7926		0
7927		0
7928		15.6
7929		14
7930		8
7931		8
7932		0
7933		8
7934		11.3333
7935		6
7936		16.5
7937		19
7938		8
7939		0
7940		0
7941		11
7942		17.75
7943		7.5
7944		18
7945		8
7946		0
7947		0
7948		12.6667
7949		16
7950		8
7951		8.5
7952		8
7953		16.75
7954		12.6667
7955		6
7956		18.6667
7957		24.5
7958		8
7959		8
7960		7
7961		11.2
7962		17.25
7963		24.5
7964		0
7965		8
7966		8
7967		0
7968		13
7969		13.1667
7970		7.66667
7971		9
7972		0
7973		8
7974		13.3333
7975		6
7976		18.6667
7977		8
7978		21.3333
7979		9
7980		12
7981		9.66667
7982		18.6667
7983		8
7984		49
7985		8
7986		0
7987		8
7988		8
7989		17
7990		8
7991		13
7992		0
7993		8
7994		0
7995		49
7996		40
7997		8
7998		8
7999		0
8000		23.3333
8001		6
8002		13
8003		41
8004		8
8005		23
8006		22
8007		10
8008		8
8009		16
8010		8
8011		15
8012		7
8013		8.5
8014		0
8015		8
8016		7
8017		8
8018		28.5
8019		8
8020		8
8021		27.3333
8022		8
8023		0
8024		25
8025		8
8026		8
8027		56
8028		9.5
8029		8
8030		8
8031		0
8032		34
8033		26
8034		9.33333
8035		6
8036		8
8037		28.5
8038		0
8039		43
8040		9
8041		10
8042		8
8043		9
8044		7
8045		0
8046		0
8047		0
8048		37.6667
8049		9.25
8050		11
8051		8
8052		23
8053		0
8054		13
8055		0
8056		11
8057		18.5
8058		8
8059		38
8060		0
8061		11
8062		11
8063		6
8064		20.3333
8065		18.3333
8066		7.5
8067		0
8068		7
8069		9.25
8070		42
8071		7
8072		8
8073		0
8074		7.66667
8075		0
8076		19.6667
8077		16
8078		8
8079		8.5
8080		22
8081		7.5
8082		10
8083		6
8084		45
8085		8
8086		8
8087		7.5
8088		8.5
8089		9.75
8090		29.3333
8091		8
8092		8
8093		0
8094		9
8095		8
8096		14
8097		8.8
8098		8
8099		25.5
8100		0
8101		10
8102		12.6667
8103		6.5
8104		8
8105		8
8106		8
8107		8
8108		20.3333
8109		11
8110		11
8111		8
8112		30.5
8113		0
8114		11
8115		0
8116		12
8117		17.75
8118		7.33333
8119		55
8120		8
8121		12
8122		14
8123		6.5
8124		47
8125		8
8126		24
8127		0
8128		12
8129		11.6667
8130		46
8131		8
8132		34.5
8133		7.5
8134		13
8135		0
8136		12.6667
8137		22.6667
8138		10.5
8139		0
8140		8
8141		22
8142		15
8143		10.6667
8144		26
8145		8
8146		8
8147		0
8148		18.25
8149		11.25
8150		18.6667
8151		8
8152		12
8153		8
8154		28.5
8155		6
8156		11.75
8157		14
8158		8
8159		40
8160		8
8161		10
8162		13
8163		7
8164		29
8165		7.83333
8166		8
8167		6
8168		17
8169		11.5
8170		17.6667
8171		8
8172		10.5
8173		14.8
8174		8.5
8175		7
8176		17
8177		18.3333
8178		8.33333
8179		38
8180		8
8181		7.8
8182		17
8183		7.5
8184		23.5
8185		7.5
8186		23
8187		0
8188		9.5
8189		11.4
8190		18.6667
8191		8
8192		8
8193		23.5
8194		10
8195		8.5
8196		18
8197		16
8198		8.33333
8199		6
8200		24.5
8201		8
8202		18
8203		7
8204		40
8205		7.6
8206		8.5
8207		8
8208		14
8209		18
8210		7
8211		24
8212		0
8213		8.33333
8214		11
8215		6
8216		10
8217		24
8218		8
8219		8
8220		6
8221		8
8222		13
8223		7
8224		23.5
8225		33.5
8226		0
8227		0
8228		10.5
8229		10
8230		18.3333
8231		7
8232		8
8233		9
8234		9
8235		6
8236		11
8237		24
8238		37
8239		8
8240		10
8241		8
8242		10.5
8243		7
8244		16.5
8245		7.66667
8246		0
8247		68
8248		8
8249		10.3333
8250		17.3333
8251		0
8252		27.3333
8253		9
8254		0
8255		6.66667
8256		9.33333
8257		40
8258		27
8259		0
8260		9
8261		8
8262		15
8263		14.75
8264		8
8265		11.6667
8266		12
8267		0
8268		8
8269		10
8270		17.6667
8271		8
8272		23
8273		10.5
8274		9.5
8275		6
8276		27
8277		8
8278		8
8279		7
8280		27
8281		8.5
8282		12.5
8283		6.5
8284		8
8285		18.6667
8286		0
8287		8
8288		25.5
8289		9.33333
8290		6.5
8291		8
8292		41.5
8293		8
8294		9
8295		6
8296		13.5
8297		16
8298		19
8299		7
8300		8.5
8301		7.5
8302		13.5
8303		7
8304		21
8305		16.25
8306		9
8307		8
8308		20
8309		11.3333
8310		10
8311		7
8312		36
8313		10
8314		8.5
8315		6
8316		13
8317		18.6667
8318		8
8319		19.3333
8320		11
8321		9.33333
8322		14.5
8323		6
8324		19
8325		14.4
8326		9.5
8327		8
8328		8
8329		12
8330		11.3333
8331		7
8332		24
8333		16.3333
8334		8
8335		10
8336		14
8337		0
8338		16
8339		8
8340		7
8341		10
8342		15.5
8343		7
8344		23
8345		23.5
8346		12.5
8347		14
8348		0
8349		10.2
8350		7
8351		39
8352		0
8353		0
8354		8
8355		7
8356		25
8357		10.25
8358		8
8359		0
8360		24.5
8361		0
8362		14.5
8363		14
8364		9
8365		7.8
8366		41
8367		7
8368		0
8369		9.5
8370		8
8371		8
8372		17.6667
8373		9.33333
8374		0
8375		25.5
8376		12
8377		13
8378		23.6667
8379		0
8380		10
8381		8
8382		0
8383		6
8384		26
8385		7.5
8386		8
8387		57
8388		8
8389		8
8390		0
8391		8
8392		21.75
8393		15.8
8394		8
8395		0
8396		0
8397		8
8398		54
8399		9
8400		18.5
8401		8.28571
8402		0
8403		10
8404		0
8405		32
8406		21
8407		8
8408		9.5
8409		8
8410		8
8411		8
8412		41
8413		17
8414		9
8415		6
8416		8
8417		8
8418		10
8419		41
8420		45
8421		8.5
8422		0
8423		8
8424		23.5
8425		8
8426		19.6667
8427		8
8428		14
8429		8
8430		8
8431		0
8432		10
8433		18
8434		8
8435		18.6667
8436		8
8437		8
8438		10
8439		0
8440		20.6667
8441		9.66667
8442		8
8443		8
8444		42.5
8445		8
8446		8.5
8447		0
8448		15
8449		9
8450		0
8451		8
8452		0
8453		21.6
8454		8
8455		0
8456		8
8457		9.25
8458		21.5
8459		6
8460		47
8461		8
8462		8
8463		0
8464		17
8465		7.75
8466		46
8467		8.5
8468		8
8469		8
8470		11
8471		0
8472		9
8473		15.3333
8474		7
8475		0
8476		8
8477		11.5
8478		16.3333
8479		6
8480		20
8481		8.625
8482		8
8483		0
8484		25
8485		8
8486		19.3333
8487		8.25
8488		18
8489		7.75
8490		16
8491		0
8492		0
8493		17.5
8494		13.75
8495		8
8496		9
8497		9.8
8498		8.5
8499		13
8500		18
8501		8
8502		0
8503		0
8504		10.5
8505		8
8506		20.3333
8507		10
8508		8
8509		18.3333
8510		18
8511		0
8512		8
8513		17.25
8514		9.66667
8515		0
8516		19.25
8517		11.6667
8518		7
8519		17
8520		14
8521		8
8522		8
8523		14
8524		11
8525		7.5
8526		12.5
8527		8.5
8528		25
8529		8
8530		15.5
8531		8
8532		52
8533		9
8534		7.66667
8535		0
8536		12
8537		20.5
8538		7.5
8539		22
8540		14
8541		8
8542		0
8543		0
8544		24.6667
8545		8.75
8546		25.3333
8547		8.5
8548		9.5
8549		8
8550		33
8551		0
8552		28
8553		10.3333
8554		7.66667
8555		11
8556		8
8557		20.25
8558		7
8559		6
8560		12
8561		12.6667
8562		55
8563		8
8564		23
8565		7.66667
8566		14.5
8567		9
8568		9
8569		17
8570		17
8571		19
8572		8
8573		16
8574		7.66667
8575		0
8576		8
8577		16
8578		7.5
8579		8
8580		30.5
8581		8
8582		0
8583		0
8584		19.25
8585		8
8586		10.2
8587		22
8588		8
8589		0
8590		28
8591		0
8592		8
8593		7.83333
8594		7.75
8595		8
8596		19
8597		17
8598		7
8599		42
8600		8.33333
8601		8
8602		33.5
8603		0
8604		8.5
8605		0
8606		6
8607		11.6667
8608		16.5
8609		20.5
8610		0
8611		0
8612		8
8613		7
8614		7.5
8615		8
8616		23.5
8617		15.6
8618		10
8619		0
8620		8.33333
8621		8
8622		14
8623		50
8624		8
8625		8
8626		28.5
8627		0
8628		8
8629		10.4
8630		8
8631		0
8632		36
8633		8
8634		0
8635		0
8636		11.6667
8637		8
8638		10
8639		7
8640		8
8641		22.3333
8642		11.3333
8643		6
8644		8
8645		29
8646		8
8647		8
8648		21.3333
8649		7
8650		8
8651		8
8652		28.5
8653		8
8654		26
8655		0
8656		7
8657		8
8658		0
8659		52
8660		0
8661		15
8662		7
8663		0
8664		8
8665		49
8666		0
8667		8
8668		24.5
8669		8
8670		8
8671		0
8672		47
8673		0
8674		18.6667
8675		0
8676		23
8677		8
8678		0
8679		0
8680		9
8681		23.25
8682		8
8683		0
8684		0
8685		8
8686		0
8687		6
8688		39
8689		7.75
8690		8
8691		0
8692		0
8693		8
8694		23
8695		8
8696		8
8697		13.5
8698		0
8699		0
8700		0
8701		40
8702		8
8703		0
8704		23.5
8705		8
8706		9
8707		13
8708		40
8709		0
8710		40
8711		0
8712		7
8713		8
8714		40
8715		8
8716		16.5
8717		9
8718		0
8719		7
8720		13.5
8721		8
8722		0
8723		41.5
8724		8
8725		9.2
8726		0
8727		8
8728		8
8729		7
8730		16
8731		0
8732		44
8733		15.4
8734		8
8735		0
8736		8
8737		8
8738		8
8739		7
8740		11
8741		17.75
8742		8.5
8743		0
8744		8
8745		8
8746		49
8747		8
8748		21
8749		8.75
8750		8
8751		0
8752		0
8753		10
8754		46
8755		8
8756		32
8757		8
8758		8
8759		0
8760		0
8761		21
8762		23.6667
8763		7
8764		9
8765		8
8766		8
8767		0
8768		45
8769		9
8770		8
8771		23
8772		9
8773		9
8774		0
8775		43
8776		8
8777		8
8778		22.3333
8779		8
8780		9.66667
8781		18.6667
8782		9
8783		6
8784		26.5
8785		8.5
8786		9
8787		15
8788		7.66667
8789		7.66667
8790		42
8791		8
8792		8
8793		8
8794		26.5
8795		8
8796		17.75
8797		8
8798		8
8799		0
8800		9
8801		8.66667
8802		10
8803		6.66667
8804		28
8805		44
8806		8
8807		0
8808		8
8809		9
8810		46
8811		8
8812		25.5
8813		0
8814		10
8815		0
8816		12
8817		15.4
8818		25.5
8819		7
8820		8
8821		0
8822		10
8823		9.5
8824		19
8825		8
8826		8
8827		27
8828		9
8829		9.5
8830		34
8831		8
8832		8
8833		0
8834		0
8835		0
8836		16.4
8837		13.6667
8838		8
8839		52
8840		0
8841		0
8842		7
8843		9.5
8844		22.25
8845		16
8846		11
8847		0
8848		0
8849		6
8850		9
8851		8
8852		8
8853		23.6667
8854		28.5
8855		6
8856		0
8857		16.5
8858		10.5
8859		15
8860		18.75
8861		8
8862		8
8863		51
8864		13
8865		8
8866		10
8867		26
8868		8
8869		7.5
8870		13
8871		0
8872		31
8873		19.6667
8874		8
8875		0
8876		8
8877		10
8878		7
8879		0
8880		25
8881		31
8882		8
8883		0
8884		40
8885		8
8886		8
8887		6
8888		19.25
8889		0
8890		8
8891		0
8892		10
8893		16
8894		49
8895		8
8896		8
8897		9.5
8898		8
8899		0
8900		42
8901		16.8
8902		8
8903		0
8904		9
8905		7.66667
8906		8
8907		42
8908		26.5
8909		8
8910		8
8911		6
8912		10.6667
8913		17
8914		25
8915		0
8916		15
8917		7.6
8918		10
8919		7
8920		19
8921		8
8922		9
8923		42
8924		9
8925		8
8926		8
8927		10.5
8928		10
8929		20.3333
8930		9
8931		6
8932		26
8933		8.33333
8934		8
8935		7
8936		10.5
8937		8.25
8938		47
8939		8
8940		8
8941		17.75
8942		9
8943		9.5
8944		17.5
8945		8
8946		8
8947		0
8948		0
8949		9
8950		28.5
8951		7
8952		20.3333
8953		8
8954		8
8955		0
8956		27.5
8957		26.5
8958		6
8959		8
8960		7.5
8961		9.5
8962		12
8963		41
8964		8
8965		18.25
8966		8
8967		0
8968		19.6667
8969		9.66667
8970		8
8971		8
8972		7
8973		8.6
8974		51
8975		0
8976		8
8977		8
8978		20.3333
8979		8
8980		22.6667
8981		8
8982		8
8983		9
8984		8
8985		24
8986		9.33333
8987		6
8988		0
8989		18.25
8990		8
8991		8
8992		17.5
8993		10
8994		8.5
8995		7
8996		40
8997		8
8998		28.5
8999		0
9000		9.33333
9001		14.2
9002		8
9003		7
9004		48
9005		8
9006		11
9007		9
9008		17.3333
9009		8.25
9010		8
9011		8
9012		0
9013		19.25
9014		8
9015		7.5
9016		7
9017		15.75
9018		0
9019		0
9020		16
9021		8
9022		18
9023		9
9024		20
9025		8
9026		16
9027		6
9028		29
9029		8.5
9030		8
9031		8.5
9032		11.5
9033		15
9034		6
9035		8
9036		8
9037		23
9038		9
9039		8
9040		23.6667
9041		7.8
9042		8
9043		9
9044		22.3333
9045		26
9046		13
9047		6
9048		0
9049		8.25
9050		16.6
9051		24.5
9052		7.66667
9053		12.5
9054		0
9055		8
9056		24
9057		16.4
9058		7.66667
9059		0
9060		15
9061		17.6667
9062		8
9063		9
9064		22
9065		8
9066		9.5
9067		20
9068		7.5
9069		8.5
9070		19.75
9071		8
9072		8
9073		8.5
9074		9
9075		8
9076		23.5
9077		16
9078		8.5
9079		0
9080		24
9081		7.66667
9082		8
9083		22.3333
9084		13
9085		7.75
9086		10.5
9087		6
9088		0
9089		14.4
9090		20.3333
9091		8
9092		8
9093		8
9094		9
9095		8
9096		33
9097		8
9098		8.33333
9099		0
9100		0
9101		8
9102		24
9103		11
9104		9
9105		13.3333
9106		8
9107		0
9108		9.5
9109		18.3333
9110		0
9111		8
9112		0
9113		8.71429
9114		44
9115		0
9116		19.3333
9117		9
9118		8.5
9119		0
9120		43
9121		8
9122		8
9123		24.5
9124		11
9125		7.5
9126		8
9127		0
9128		8.33333
9129		21.2
9130		8
9131		0
9132		8
9133		8
9134		8
9135		0
9136		25.5
9137		8.5
9138		9
9139		0
9140		0
9141		0
9142		43
9143		7
9144		11.5
9145		8
9146		8
9147		0
9148		17
9149		44
9150		11.5
9151		7
9152		8
9153		14.4
9154		8
9155		0
9156		19.3333
9157		9.5
9158		8
9159		17.3333
9160		9
9161		8
9162		21.3333
9163		0
9164		9
9165		8
9166		0
9167		0
9168		24
9169		13.6667
9170		9.33333
9171		0
9172		18
9173		0
9174		0
9175		23
9176		0
9177		8.83333
9178		13.3333
9179		10
9180		0
9181		24.5
9182		40
9183		8
9184		0
9185		8.5
9186		8
9187		8
9188		23.75
9189		7.5
9190		0
9191		0
9192		0
9193		8
9194		6
9195		42
9196		8
9197		25.5
9198		9
9199		0
9200		41
9201		12.5
9202		8
9203		0
9204		17
9205		7
9206		0
9207		0
9208		0
9209		8
9210		25.25
9211		6.5
9212		8
9213		0
9214		9
9215		0
9216		8
9217		25.5
9218		7.5
9219		8
9220		0
9221		8
9222		0
9223		0
9224		21.6
9225		8.75
9226		0
9227		9
9228		0
9229		8
9230		30
9231		7
9232		10
9233		8
9234		9
9235		8
9236		6
9237		30.3333
9238		8
9239		8
9240		8
9241		8.75
9242		10
9243		0
9244		40.5
9245		7.66667
9246		0
9247		0
9248		25
9249		8
9250		17.25
9251		7
9252		8
9253		22
9254		9
9255		0
9256		9
9257		17.8333
9258		8
9259		8
9260		9
9261		8
9262		8.5
9263		6
9264		24
9265		8.57143
9266		38
9267		10
9268		7
9269		8
9270		24
9271		8
9272		16.25
9273		8.2
9274		8
9275		8
9276		7
9277		16.25
9278		11
9279		6
9280		8
9281		12.4286
9282		8
9283		0
9284		16.5
9285		9
9286		9
9287		8
9288		19
9289		7.83333
9290		25
9291		0
9292		27
9293		8.33333
9294		8
9295		0
9296		12
9297		14.8889
9298		15
9299		7.5
9300		8
9301		8
9302		8
9303		0
9304		27
9305		8.375
9306		9
9307		8
9308		8
9309		8
9310		39
9311		0
9312		9
9313		8.8
9314		8.4
9315		0
9316		12
9317		19.8
9318		19
9319		7
9320		9.66667
9321		7.6
9322		17.3333
9323		6
9324		40
9325		8.8
9326		10
9327		8
9328		14.5
9329		8
9330		40
9331		8
9332		0
9333		8
9334		8
9335		7
9336		0
9337		15.4
9338		40
9339		0
9340		7.5
9341		8
9342		8
9343		10.5
9344		23.5
9345		7.75
9346		0
9347		0
9348		8
9349		8.25
9350		40
9351		8
9352		8.5
9353		21.6667
9354		11.5
9355		0
9356		11
9357		16
9358		8
9359		0
9360		21.6667
9361		10
9362		9
9363		9.5
9364		40
9365		8.5
9366		8
9367		0
9368		9.66667
9369		18.75
9370		23
9371		8
9372		0
9373		8
9374		11
9375		0
9376		19.6
9377		8
9378		8
9379		25.5
9380		49
9381		11
9382		8
9383		13
9384		8
9385		14.1667
9386		8
9387		8
9388		22.3333
9389		8
9390		0
9391		8
9392		20
9393		7.71429
9394		11.5
9395		0
9396		8
9397		47
9398		10
9399		8
9400		8
9401		15.8
9402		8.5
9403		0
9404		0
9405		15
9406		18.25
9407		8
9408		21.6667
9409		8
9410		0
9411		0
9412		32
9413		7
9414		10.3333
9415		41
9416		7.66667
9417		9
9418		16
9419		9.5
9420		6
9421		31.5
9422		20
9423		0
9424		8.5
9425		8
9426		7
9427		8
9428		22
9429		8
9430		51
9431		10
9432		7
9433		8
9434		10.5
9435		0
9436		21.3333
9437		14.8
9438		0
9439		12.5
9440		12
9441		9.75
9442		8
9443		0
9444		43
9445		18
9446		10
9447		8
9448		21
9449		8
9450		8
9451		6
9452		7
9453		15.75
9454		16.2
9455		6
9456		8
9457		8
9458		8
9459		7
9460		32
9461		8.5
9462		8
9463		8
9464		21.5
9465		8
9466		12
9467		7.5
9468		10.6667
9469		17
9470		8
9471		0
9472		8
9473		8
9474		8.33333
9475		6.66667
9476		20.3333
9477		8
9478		8
9479		0
9480		0
9481		8.5
9482		31.3333
9483		7.66667
9484		7.5
9485		0
9486		0
9487		0
9488		26.5
9489		13.6667
9490		8
9491		8
9492		23
9493		0
9494		12.5
9495		6.5
9496		42
9497		12.8333
9498		8
9499		10
9500		8
9501		6
9502		28.6667
9503		8
9504		7
9505		7.75
9506		0
9507		8
9508		6
9509		15.2
9510		0
9511		0
9512		8
9513		8
9514		12
9515		23.5
9516		24
9517		8
9518		0
9519		0
9520		23
9521		8
9522		23
9523		8
9524		12
9525		8
9526		0
9527		0
9528		8
9529		14.8
9530		8
9531		42
9532		8
9533		8
9534		0
9535		43
9536		7.5
9537		7.8
9538		7
9539		0
9540		44
9541		8
9542		0
9543		0
9544		27.5
9545		8
9546		8
9547		0
9548		25
9549		18
9550		0
9551		0
9552		8
9553		8.25
9554		0
9555		42
9556		27.5
9557		9.66667
9558		7.5
9559		0
9560		9
9561		8
9562		46
9563		0
9564		22.3333
9565		8
9566		8
9567		0
9568		18.6667
9569		19
9570		14
9571		0
9572		8
9573		9
9574		0
9575		13
9576		20.3333
9577		16.2
9578		8.5
9579		0
9580		10
9581		8
9582		25
9583		8
9584		16.4
9585		7.66667
9586		9
9587		0
9588		0
9589		18.3333
9590		12
9591		44
9592		8
9593		9
9594		0
9595		8
9596		40
9597		16.6
9598		8
9599		0
9600		12
9601		8
9602		24
9603		8
9604		22.6667
9605		8
9606		9
9607		0
9608		40
9609		17.25
9610		13
9611		9
9612		14.75
9613		10
9614		0
9615		8
9616		40
9617		9
9618		8.5
9619		8
9620		0
9621		15.25
9622		24
9623		8
9624		9.75
9625		15
9626		8
9627		0
9628		0
9629		18.6667
9630		8
9631		7.5
9632		13.6
9633		0
9634		0
9635		0
9636		40
9637		8.2
9638		8.5
9639		8
9640		38
9641		8.66667
9642		40
9643		0
9644		11
9645		8.16667
9646		8
9647		40
9648		9
9649		18.6667
9650		8
9651		0
9652		8
9653		7.6
9654		23.5
9655		6
9656		18.3333
9657		0
9658		8
9659		0
9660		41
9661		10.2
9662		8
9663		16.25
9664		7.66667
9665		10
9666		0
9667		0
9668		0
9669		16.375
9670		7
9671		8
9672		9
9673		7
9674		0
9675		0
9676		41.5
9677		8
9678		9
9679		0
9680		0
9681		9.33333
9682		24.5
9683		7
9684		8.5
9685		10
9686		27
9687		8
9688		0
9689		16.25
9690		8
9691		8
9692		8.66667
9693		9
9694		8
9695		7
9696		40
9697		29
9698		0
9699		10
9700		7.66667
9701		8
9702		15.25
9703		8
9704		10
9705		0
9706		0
9707		8
9708		32
9709		17.25
9710		8.33333
9711		0
9712		8
9713		13
9714		17
9715		31
9716		26.5
9717		7.5
9718		8
9719		0
9720		10
9721		13.5
9722		13
9723		15.75
9724		32.5
9725		8
9726		10.3333
9727		0
9728		8
9729		20.6667
9730		7.5
9731		11.5
9732		8
9733		10.6667
9734		8.33333
9735		0
9736		15
9737		20
9738		28.5
9739		8.5
9740		11.3333
9741		8
9742		11.5
9743		6
9744		25
9745		8
9746		11
9747		32.5
9748		8
9749		16
9750		7
9751		8
9752		8
9753		19.25
9754		26
9755		0
9756		14.3333
9757		7
9758		0
9759		26
9760		24
9761		8
9762		12.5
9763		6
9764		27.5
9765		21
9766		22
9767		8
9768		8
9769		20
9770		10.6667
9771		8
9772		24.6667
9773		10.3333
9774		0
9775		0
9776		12.8
9777		7.5
9778		8
9779		19
9780		12
9781		10.3333
9782		17.5
9783		6
9784		8
9785		19.6667
9786		7
9787		11
9788		33
9789		12
9790		6.66667
9791		0
9792		39
9793		12.5
9794		8
9795		23
9796		8
9797		7
9798		23.5
9799		9
9800		18
9801		7.66667
9802		31.5
9803		7
9804		13.5
9805		8
9806		18
9807		41
9808		32
9809		8.33333
9810		8.66667
9811		7
9812		9
9813		19
9814		8
9815		17
9816		25
9817		21
9818		8
9819		8
9820		14
9821		10
9822		0
9823		8
9824		25.5
9825		17.5
9826		8.66667
9827		0
9828		8
9829		8
9830		42
9831		6
9832		18.25
9833		7.66667
9834		8.33333
9835		0
9836		8
9837		24
9838		26.5
9839		7
9840		8.5
9841		9
9842		8
9843		0
9844		19.3333
9845		21
9846		8
9847		8
9848		11
9849		8
9850		25
9851		0
9852		26.5
9853		7.66667
9854		8.33333
9855		6
9856		8
9857		10
9858		19.3333
9859		42
9860		0
9861		7.6
9862		0
9863		8
9864		16.5
9865		16
9866		0
9867		8
9868		10
9869		8
9870		9.66667
9871		0
9872		15
9873		17
9874		8
9875		8
9876		0
9877		16.25
9878		18.6667
9879		0
9880		8
9881		9
9882		8
9883		8
9884		26.5
9885		18.6667
9886		8
9887		0
9888		10.3333
9889		8.75
9890		8
9891		0
9892		24
9893		16.75
9894		9.33333
9895		6
9896		8
9897		8
9898		24
9899		42
9900		0
9901		7.5
9902		8
9903		8
9904		19
9905		17.6667
9906		0
9907		0
9908		0
9909		8
9910		39
9911		9
9912		18.6667
9913		8
9914		0
9915		10
9916		6
9917		40
9918		40
9919		8
9920		0
9921		8
9922		0
9923		8
9924		40
9925		20.3333
9926		8
9927		0
9928		9
9929		8
9930		12
9931		40
9932		24
9933		8
9934		8
9935		0
9936		0
9937		8.5
9938		24
9939		0
9940		10
9941		44
9942		8
9943		0
9944		10
9945		8
9946		11
9947		42
9948		15.2
9949		10
9950		9
9951		9.5
9952		8
9953		41
9954		8
9955		0
9956		22.3333
9957		8.66667
9958		8
9959		8
9960		25
9961		27
9962		11
9963		7
9964		9
9965		8
9966		20.6667
9967		7
9968		28
9969		9
9970		9
9971		6
9972		7.5
9973		29.3333
9974		9.33333
9975		8
9976		16
9977		14.6
9978		8.5
9979		8
9980		14.6
9981		8
9982		0
9983		0
9984		24.5
9985		7.5
9986		17
9987		7
9988		8
9989		8
9990		18.6667
9991		6
9992		6
9993		18.6667
9994		8.33333
9995		8
9996		8
9997		12.3333
9998		7.5
9999		8
10000		18.3333
