Tile	Output		Total no.	Total no.	avg. latency	avg. latency	average
ID	channel		of packets	of flits	per packet	per flit	throughput
							(clock cycles)	(clock cycles)	(Gbps)
0	South		0		0		0		0		0
0	East		1095		3285		12.958		4.31933		13.1518
0	Core		14		42		8		2.66667		0.175365
1	South		0		0		0		0		0
1	East		1118		3355		7.25671		2.41818		13.4415
1	West		14		42		7.85714		2.61905		0.175365
1	Core		25		75		8		2.66667		0.314597
2	South		1093		3280		7.83257		2.61006		13.1489
2	East		15		45		8		2.66667		0.195993
2	West		0		0		0		0		0
2	Core		24		72		8		2.66667		0.300595
3	South		0		0		0		0		0
3	East		20		60		8		2.66667		0.270758
3	West		0		0		0		0		0
3	Core		15		45		8		2.66667		0.195993
4	South		0		0		0		0		0
4	East		22		66		8		2.66667		0.293987
4	West		0		0		0		0		0
4	Core		20		60		8		2.66667		0.270758
5	South		0		0		0		0		0
5	East		13		39		8		2.66667		0.159967
5	West		0		0		0		0		0
5	Core		22		66		8		2.66667		0.293987
6	South		1044		3132		12.3956		4.13186		12.5393
6	West		0		0		0		0		0
6	Core		13		39		8		2.66667		0.159967
7	North		0		0		0		0		0
7	South		0		0		0		0		0
7	East		1414		4243		42.0248		14.0049		16.9822
7	Core		14		42		8		2.66667		0.197647
8	North		63		189		42.1746		14.0582		0.766501
8	South		511		1535		42.4031		14.116		6.14553
8	East		2169		6511		22.1743		7.38688		26.0962
8	West		14		42		42.5		14.1667		0.197021
8	Core		0		0		0		0		0
9	North		15		45		7.2		2.4		0.195993
9	South		72		216		7.19444		2.39815		0.876357
9	East		1744		5233		8.77122		2.92318		20.9655
9	West		0		0		0		0		0
9	Core		1430		4290		8		2.66667		17.1961
10	North		20		60		7.5		2.5		0.270789
10	South		63		189		7.66667		2.55556		0.827586
10	East		148		444		7.51351		2.5045		1.78798
10	West		0		0		0		0		0
10	Core		1512		4537		8		2.66608		18.2044
11	North		22		66		7.90909		2.63636		0.293987
11	South		38		114		7.84211		2.61404		0.522456
11	East		68		204		7.92647		2.64216		0.821504
11	West		0		0		0		0		0
11	Core		20		60		8		2.66667		0.287908
12	North		13		39		7.84615		2.61538		0.159967
12	South		22		66		7.90909		2.63636		0.288084
12	East		13		39		8		2.66667		0.157258
12	West		0		0		0		0		0
12	Core		20		60		8		2.66667		0.253084
13	North		0		0		0		0		0
13	South		0		0		0		0		0
13	West		0		0		0		0		0
13	Core		1056		3169		8.36364		2.787		12.6963
14	North		0		0		0		0		0
14	South		0		0		0		0		0
14	East		0		0		0		0		0
14	Core		17		51		8		2.66667		0.238541
15	North		0		0		0		0		0
15	South		363		1090		7.82369		2.6055		4.36655
15	East		107		321		7.65421		2.5514		1.29763
15	West		17		51		7.64706		2.54902		0.238541
15	Core		23		69		8		2.66667		0.298798
16	North		0		0		0		0		0
16	South		85		255		7.94118		2.64706		1.03072
16	East		72		216		8.02778		2.67593		0.876268
16	West		0		0		0		0		0
16	Core		22		66		8		2.66667		0.286707
17	North		0		0		0		0		0
17	South		57		171		7.94737		2.64912		0.718487
17	East		63		189		8		2.66667		0.827496
17	West		0		0		0		0		0
17	Core		15		45		8		2.66667		0.182556
18	North		0		0		0		0		0
18	South		41		123		8		2.66667		0.545213
18	East		38		114		8		2.66667		0.522456
18	West		0		0		0		0		0
18	Core		22		66		8		2.66667		0.30303
19	North		0		0		0		0		0
19	South		19		57		8		2.66667		0.261228
19	East		22		66		8		2.66667		0.288084
19	West		0		0		0		0		0
19	Core		19		57		8		2.66667		0.351201
20	North		0		0		0		0		0
20	South		0		0		0		0		0
20	West		0		0		0		0		0
20	Core		22		66		8		2.66667		0.288084
21	North		0		0		0		0		0
21	South		0		0		0		0		0
21	East		0		0		0		0		0
21	Core		22		66		8		2.66667		0.312648
22	North		0		0		0		0		0
22	South		244		733		7.87295		2.62074		2.93905
22	East		77		231		7.74026		2.58009		0.959302
22	West		22		66		7.31818		2.43939		0.312648
22	Core		19		57		8		2.66667		0.242115
23	North		0		0		0		0		0
23	South		58		174		7.98276		2.66092		0.722591
23	East		85		255		8.01176		2.67059		1.03072
23	West		0		0		0		0		0
23	Core		19		57		8		2.66667		0.245161
24	North		0		0		0		0		0
24	South		68		204		7.95588		2.65196		0.824576
24	East		57		171		8.03509		2.67836		0.718487
24	West		0		0		0		0		0
24	Core		17		51		8		2.66667		0.249511
25	North		0		0		0		0		0
25	South		35		105		8		2.66667		0.482094
25	East		41		123		8		2.66667		0.545213
25	West		0		0		0		0		0
25	Core		22		66		8		2.66667		0.282898
26	North		0		0		0		0		0
26	South		15		45		8		2.66667		0.215414
26	East		19		57		8		2.66667		0.261228
26	West		0		0		0		0		0
26	Core		26		78		8		2.66667		0.345745
27	North		0		0		0		0		0
27	South		0		0		0		0		0
27	West		0		0		0		0		0
27	Core		19		57		8		2.66667		0.261228
28	North		0		0		0		0		0
28	South		0		0		0		0		0
28	East		0		0		0		0		0
28	Core		16		48		8		2.66667		0.213144
29	North		0		0		0		0		0
29	South		153		462		7.91503		2.62121		1.85617
29	East		62		186		7.80645		2.60215		0.757329
29	West		16		48		7.6875		2.5625		0.213144
29	Core		11		33		8		2.66667		0.140426
30	North		0		0		0		0		0
30	South		38		114		7.92105		2.64035		0.5074
30	East		58		174		8		2.66667		0.722591
30	West		0		0		0		0		0
30	Core		24		72		8		2.66667		0.29316
31	North		0		0		0		0		0
31	South		39		117		7.92308		2.64103		0.491803
31	East		68		204		8.01471		2.67157		0.824576
31	West		0		0		0		0		0
31	Core		19		57		8		2.66667		0.242553
32	North		0		0		0		0		0
32	South		49		147		7.91837		2.63946		0.597804
32	East		35		105		8		2.66667		0.482094
32	West		0		0		0		0		0
32	Core		19		57		8		2.66667		0.247289
33	North		0		0		0		0		0
33	South		17		51		7.88235		2.62745		0.23416
33	East		15		45		8		2.66667		0.215414
33	West		0		0		0		0		0
33	Core		18		54		8		2.66667		0.27907
34	North		0		0		0		0		0
34	South		0		0		0		0		0
34	West		0		0		0		0		0
34	Core		15		45		8		2.66667		0.215414
35	North		0		0		0		0		0
35	South		0		0		0		0		0
35	East		0		0		0		0		0
35	Core		22		68		8		2.58824		0.279376
36	North		0		0		0		0		0
36	South		58		174		7.86207		2.62069		0.709914
36	East		47		141		7.80851		2.60284		0.580008
36	West		23		69		7.91304		2.63768		0.279126
36	Core		25		75		8		2.66667		0.302633
37	North		0		0		0		0		0
37	South		23		69		8		2.66667		0.285242
37	East		38		114		8		2.66667		0.507343
37	West		0		0		0		0		0
37	Core		24		72		8		2.66667		0.329519
38	North		0		0		0		0		0
38	South		18		54		8		2.66667		0.285412
38	East		39		117		8		2.66667		0.491803
38	West		0		0		0		0		0
38	Core		20		60		8		2.66667		0.267023
39	North		0		0		0		0		0
39	South		24		72		8		2.66667		0.319716
39	East		48		145		8.04167		2.66207		0.606885
39	West		0		0		0		0		0
39	Core		15		45		8		2.66667		0.231006
40	North		0		0		0		0		0
40	South		28		84		7.89286		2.63095		0.352386
40	East		17		51		8		2.66667		0.23416
40	West		0		0		0		0		0
40	Core		20		60		8		2.66667		0.251125
41	North		0		0		0		0		0
41	South		0		0		0		0		0
41	West		0		0		0		0		0
41	Core		17		51		8		2.66667		0.23416
42	North		0		0		0		0		0
42	East		0		0		0		0		0
42	Core		21		63		8		2.66667		0.259046
43	North		0		0		0		0		0
43	East		18		54		7.94444		2.64815		0.254597
43	West		21		63		7.95238		2.65079		0.259046
43	Core		19		57		8		2.66667		0.254578
44	North		0		0		0		0		0
44	East		23		69		8		2.66667		0.285242
44	West		0		0		0		0		0
44	Core		18		54		8		2.66667		0.254597
45	North		0		0		0		0		0
45	East		18		54		8		2.66667		0.285412
45	West		0		0		0		0		0
45	Core		23		69		8		2.66667		0.285242
46	North		0		0		0		0		0
46	East		24		72		8		2.66667		0.319716
46	West		0		0		0		0		0
46	Core		18		54		8		2.66667		0.285412
47	North		0		0		0		0		0
47	East		28		84		8.03571		2.67857		0.352349
47	West		0		0		0		0		0
47	Core		24		72		8		2.66667		0.319716
48	North		0		0		0		0		0
48	West		0		0		0		0		0
48	Core		28		84		8		2.66667		0.352349

Overall average latency per channel (in clock cycles per flit) = 4.64846

Overall average latency per channel(in clock cycles per packet) = 13.9504

Overall average latency (in clock cycles per flit) = 51.0419

Total Flits Generated = 14732
Total Flits Received = 14657
