#Simcount		average latency
1		0
2		0
3		0
4		0
5		0
6		0
7		0
8		0
9		0
10		0
11		0
12		0
13		0
14		0
15		0
16		0
17		0
18		0
19		0
20		10
21		0
22		0
23		0
24		8
25		0
26		10
27		0
28		8
29		11.6667
30		0
31		0
32		9
33		7
34		0
35		13
36		10
37		8.33333
38		0
39		0
40		9.33333
41		0
42		9.66667
43		0
44		9
45		8.66667
46		9
47		0
48		8
49		12.6667
50		9
51		7
52		9
53		8
54		8
55		6
56		10.3333
57		10.75
58		7
59		8
60		8
61		8.5
62		9.33333
63		0
64		8.4
65		8
66		8
67		0
68		11.3333
69		10.25
70		8
71		8
72		8
73		10
74		0
75		6
76		10.25
77		11
78		11
79		8
80		9
81		11
82		13.5
83		6
84		10
85		7.5
86		0
87		0
88		8
89		10.3333
90		6
91		10
92		9
93		17
94		8
95		6
96		10.75
97		8
98		8
99		0
100		12.25
101		8
102		0
103		14.5
104		7.5
105		15
106		13.5
107		9.5
108		8
109		13
110		0
111		0
112		11
113		9
114		8.5
115		9
116		12
117		7
118		0
119		0
120		9.8
121		10
122		12.6667
123		7.33333
124		8
125		13
126		8.5
127		0
128		8.75
129		13
130		18
131		8
132		8.33333
133		12
134		11
135		6
136		14
137		10.5
138		0
139		10
140		9.6
141		8.5
142		16
143		8
144		9.75
145		0
146		10.6
147		0
148		9.5
149		12.5
150		10
151		0
152		7.33333
153		12.25
154		8
155		14.75
156		8.33333
157		9.33333
158		8
159		0
160		8.33333
161		6
162		16.5
163		8.5
164		11
165		9.5
166		6
167		0
168		14
169		7.66667
170		8
171		23
172		8
173		7.66667
174		8
175		0
176		8
177		18.5
178		19
179		8
180		8.8
181		0
182		0
183		0
184		16
185		19
186		32
187		10
188		10.4
189		10
190		0
191		0
192		20
193		11.6667
194		17
195		0
196		8
197		13
198		0
199		0
200		9.8
201		35
202		0
203		9.5
204		8
205		10
206		8
207		20.5
208		8.5
209		9.75
210		23
211		0
212		11.3333
213		9.33333
214		8
215		0
216		13
217		16.5
218		0
219		0
220		8.75
221		8
222		23.5
223		12
224		9.25
225		8
226		21.5
227		7
228		8
229		17.6667
230		9
231		0
232		8
233		15.5
234		8
235		23.5
236		8
237		11
238		8
239		23
240		9.66667
241		8
242		16.25
243		0
244		10.3333
245		7
246		14
247		9
248		16.6
249		7
250		8.8
251		0
252		6
253		10
254		0
255		15
256		7.33333
257		12
258		21.25
259		0
260		12
261		17.6667
262		0
263		9
264		18
265		8.33333
266		16
267		0
268		17.5
269		9.5
270		11.5
271		22
272		7
273		10.5
274		18.3333
275		0
276		7.33333
277		11
278		7
279		0
280		13.25
281		7.33333
282		7.33333
283		29
284		9.5
285		11
286		0
287		35
288		8
289		12.3333
290		8.5
291		0
292		17
293		7
294		10
295		0
296		31
297		10
298		0
299		8
300		14.3333
301		18
302		6.66667
303		52
304		17.3333
305		8.5
306		0
307		7.5
308		17.5
309		12.5
310		10.4
311		12
312		17
313		8
314		23
315		0
316		9.4
317		7.5
318		0
319		20.6667
320		0
321		19.25
322		11.3333
323		0
324		9.2
325		10
326		22
327		8
328		19.6667
329		19
330		9.5
331		0
332		8.2
333		8.33333
334		0
335		19.3333
336		14
337		16
338		8
339		17
340		9.5
341		16
342		7
343		0
344		28
345		0
346		7.5
347		7.5
348		18
349		12.75
350		0
351		29.5
352		8
353		8.5
354		18.3333
355		6
356		12.3333
357		7.66667
358		33
359		8
360		13.3333
361		8
362		0
363		25
364		8
365		9.5
366		7
367		53
368		8
369		16
370		0
371		11
372		44
373		9.66667
374		9.5
375		8.5
376		20
377		0
378		26
379		8
380		7
381		20
382		8
383		11
384		13.3333
385		8.5
386		17
387		7
388		24
389		19.25
390		28.5
391		0
392		8.6
393		23
394		8
395		8
396		18.75
397		0
398		54
399		0
400		8
401		9.4
402		26
403		13
404		8
405		30
406		13
407		0
408		15.3333
409		8
410		0
411		9
412		14
413		0
414		30.25
415		0
416		10
417		15.5
418		0
419		14
420		18.25
421		8.8
422		0
423		0
424		13
425		0
426		8
427		46
428		24
429		8
430		10
431		9
432		8.75
433		28
434		8
435		53
436		8
437		12
438		0
439		0
440		20
441		8
442		12
443		0
444		10.6
445		8
446		49
447		0
448		8
449		8
450		11.3333
451		11
452		7.8
453		18.3333
454		0
455		0
456		14
457		7.33333
458		8
459		0
460		14.6667
461		9.33333
462		64
463		6
464		8
465		12.5
466		17.6667
467		7
468		8.5
469		23.6667
470		0
471		8
472		8
473		16.75
474		7
475		0
476		21.6667
477		8.25
478		13.5
479		0
480		40
481		8
482		7.66667
483		28
484		9
485		19
486		8
487		41
488		6
489		7
490		10
491		8
492		21.6667
493		14.7143
494		0
495		0
496		8
497		9.5
498		9
499		19
500		12.6667
501		13.7143
502		25.5
503		0
504		8.33333
505		0
506		12.3333
507		0
508		13.7143
509		8
510		9.33333
511		0
512		12.6667
513		9
514		30
515		19.3333
516		11.5
517		9.375
518		7
519		0
520		8
521		18.6667
522		0
523		8
524		15.5714
525		11.75
526		8.33333
527		0
528		41
529		13
530		12.3333
531		30.5
532		8.6
533		9
534		25
535		0
536		7
537		9
538		10
539		7
540		17.6667
541		8
542		0
543		41
544		12.4
545		8.66667
546		20.75
547		15
548		12.6667
549		0
550		11
551		12
552		14.3333
553		25.3333
554		7
555		8
556		0
557		16
558		8
559		0
560		9.83333
561		16.4
562		55
563		18
564		17
565		8
566		0
567		12
568		10.8333
569		22.6667
570		18.2
571		8
572		10
573		7.5
574		24
575		0
576		15.8333
577		11.3333
578		19.75
579		0
580		7
581		15
582		0
583		21.6667
584		9.5
585		10
586		6
587		8
588		23.5
589		20
590		13
591		0
592		10.25
593		8.5
594		12.4
595		0
596		26
597		11.5
598		8
599		15
600		7.4
601		27
602		24.5
603		0
604		12.5
605		7.66667
606		12
607		8.5
608		18.3333
609		8
610		21.5
611		41
612		14
613		8
614		8
615		15
616		7.33333
617		23
618		17
619		17
620		16.75
621		12.5
622		11.5
623		8
624		11.25
625		8
626		6.5
627		29
628		10.3333
629		20.3333
630		24
631		7
632		14
633		9
634		8
635		34
636		25
637		14
638		8
639		8
640		7.66667
641		12
642		30
643		27
644		10
645		14.3333
646		8
647		7
648		9.5
649		27
650		8
651		38
652		6
653		8.4
654		0
655		8
656		27
657		12
658		17.25
659		0
660		7.5
661		12
662		28
663		26.5
664		8.4
665		18.5
666		0
667		9.5
668		7
669		20.5
670		23.5
671		8
672		8
673		11
674		11
675		0
676		21.25
677		9
678		8
679		10
680		11.4
681		8
682		19
683		8
684		7
685		16.75
686		6
687		0
688		0
689		19.3333
690		22
691		8
692		16.75
693		7.5
694		9.5
695		6
696		13.2
697		8
698		42
699		7
700		19
701		8
702		7
703		8
704		10
705		14.8
706		25
707		8
708		8
709		33
710		8
711		0
712		12.1429
713		9
714		0
715		18
716		21
717		8
718		42
719		0
720		7.66667
721		12.75
722		10
723		0
724		8
725		28.6667
726		0
727		0
728		10.4286
729		8
730		8
731		6
732		28.3333
733		0
734		7.5
735		0
736		17.3333
737		10.2
738		33
739		41
740		16.6667
741		0
742		8
743		8
744		11.5714
745		22.25
746		0
747		15
748		8
749		0
750		7
751		0
752		16.6667
753		12.6667
754		22
755		0
756		31
757		7
758		8
759		6
760		12.5
761		15.6667
762		8
763		40
764		7.5
765		0
766		6
767		25
768		12.6
769		9.6
770		10
771		0
772		15
773		41
774		7
775		0
776		7.5
777		14.6667
778		7
779		6
780		16
781		9.5
782		0
783		6
784		14.4
785		8
786		18
787		7
788		11.6
789		12
790		0
791		8
792		7.25
793		25
794		6.66667
795		8
796		9
797		9
798		0
799		6
800		16.5
801		8
802		8
803		6
804		26
805		9
806		23
807		0
808		8
809		17
810		0
811		8
812		7
813		20.3333
814		8
815		0
816		7.33333
817		0
818		28
819		7
820		25
821		8
822		9
823		0
824		14.6667
825		0
826		24
827		8
828		8
829		9.66667
830		0
831		0
832		7
833		35.5
834		8
835		0
836		9.5
837		8
838		9.5
839		0
840		21.75
841		0
842		10
843		10
844		19
845		9.2
846		18
847		0
848		7
849		7
850		8
851		6.5
852		9
853		27
854		9.33333
855		0
856		7.33333
857		8
858		0
859		7
860		19.6
861		9.5
862		0
863		0
864		20
865		8.75
866		0
867		41
868		12.8571
869		0
870		9
871		0
872		9
873		21.25
874		9
875		21
876		7.6
877		15
878		8.66667
879		7
880		23.5
881		6.5
882		0
883		0
884		12.2
885		9.2
886		18
887		6
888		0
889		0
890		18
891		11
892		7.33333
893		13.1667
894		0
895		8
896		20
897		7
898		6.5
899		0
900		16.7143
901		8
902		27
903		0
904		8
905		16.5
906		18.3333
907		7
908		7.5
909		14.6667
910		0
911		0
912		13.25
913		24
914		7
915		0
916		17.25
917		13
918		0
919		0
920		17
921		0
922		8.5
923		17
924		8
925		20
926		8
927		41
928		7.5
929		0
930		7
931		0
932		16.6667
933		14.4
934		0
935		0
936		8
937		0
938		16.5
939		13.5
940		8
941		12
942		42
943		0
944		10.5
945		10
946		7.5
947		0
948		16.6667
949		7.5
950		0
951		0
952		9.14286
953		0
954		19
955		24.5
956		8
957		11
958		9
959		0
960		9.33333
961		17.2
962		0
963		0
964		17
965		9
966		9
967		0
968		18.8
969		7
970		12
971		23
972		10.6
973		0
974		19.3333
975		7
976		8
977		7.33333
978		7.5
979		6
980		13
981		13.8
982		0
983		41
984		7
985		9.33333
986		19
987		6
988		16
989		8.66667
990		10.5
991		17
992		14.8571
993		33
994		8.5
995		8
996		8
997		11.6667
998		8.5
999		0
1000		11
1001		17.6
1002		22
1003		6
1004		8
1005		7.5
1006		0
1007		15
1008		9.5
1009		17.3333
1010		28.5
1011		0
1012		8.33333
1013		6
1014		9
1015		0
1016		23.6667
1017		15.5
1018		19.3333
1019		0
1020		8
1021		10.5
1022		8
1023		20.6667
1024		7
1025		15
1026		26
1027		8
1028		10
1029		20
1030		0
1031		8
1032		26.5
1033		8
1034		12
1035		0
1036		21.75
1037		8
1038		0
1039		49
1040		7.33333
1041		0
1042		19
1043		0
1044		10
1045		11.1667
1046		0
1047		0
1048		11.6667
1049		8
1050		39
1051		41
1052		12.5
1053		8
1054		8.5
1055		0
1056		11.2
1057		0
1058		6
1059		12
1060		20
1061		13.5
1062		0
1063		0
1064		8
1065		8
1066		6.75
1067		8
1068		14.5
1069		20.6667
1070		0
1071		0
1072		11.5
1073		9.5
1074		7.33333
1075		34
1076		17.5
1077		16
1078		7
1079		0
1080		7.33333
1081		9
1082		40.5
1083		7
1084		13.6667
1085		8
1086		7
1087		0
1088		12
1089		20.6667
1090		0
1091		21.5
1092		8
1093		12
1094		0
1095		0
1096		20
1097		14.3333
1098		13.6667
1099		0
1100		8.75
1101		8
1102		6
1103		43
1104		11
1105		8
1106		0
1107		9.5
1108		8
1109		0
1110		18.3333
1111		0
1112		8
1113		18
1114		9.5
1115		8
1116		26
1117		0
1118		0
1119		0
1120		14.5
1121		0
1122		0
1123		7
1124		0
1125		43
1126		0
1127		0
1128		8
1129		15.75
1130		20
1131		0
1132		27.5
1133		36
1134		0
1135		0
1136		10.5
1137		8
1138		26
1139		24
1140		26
1141		18
1142		6
1143		0
1144		8
1145		16.3333
1146		20
1147		0
1148		8
1149		7.5
1150		0
1151		30
1152		11.5
1153		0
1154		8
1155		0
1156		15.6667
1157		6.5
1158		42
1159		0
1160		8
1161		23.3333
1162		8.5
1163		0
1164		23.5
1165		12.3333
1166		0
1167		39
1168		7
1169		0
1170		8
1171		0
1172		12.6
1173		23.5
1174		0
1175		0
1176		13
1177		19.6667
1178		14
1179		41
1180		8
1181		17
1182		8
1183		10
1184		7
1185		9
1186		41
1187		0
1188		20.25
1189		9
1190		7
1191		0
1192		20
1193		9
1194		15
1195		0
1196		11.75
1197		12.5
1198		0
1199		7
1200		9.6
1201		23
1202		10
1203		9
1204		45
1205		12.3333
1206		8
1207		0
1208		26
1209		8
1210		8
1211		0
1212		11
1213		19
1214		21.8
1215		0
1216		0
1217		0
1218		8
1219		11
1220		26.3333
1221		14.6
1222		8
1223		20
1224		16
1225		0
1226		8.33333
1227		9
1228		19.3333
1229		15
1230		30.5
1231		0
1232		8
1233		18
1234		0
1235		16.5
1236		9
1237		14.5
1238		12
1239		0
1240		7.5
1241		14
1242		18.6667
1243		7
1244		14.5
1245		22.5
1246		11
1247		0
1248		17.6
1249		0
1250		8
1251		8
1252		15
1253		13
1254		9
1255		13
1256		8
1257		23
1258		9
1259		7
1260		8
1261		20.25
1262		14
1263		0
1264		13.5
1265		11
1266		20
1267		0
1268		8.5
1269		7
1270		10.6667
1271		58
1272		28.5
1273		7.5
1274		6
1275		10
1276		9.2
1277		8.25
1278		34
1279		0
1280		16
1281		18
1282		6
1283		0
1284		11.8333
1285		16
1286		7
1287		15
1288		7
1289		0
1290		20.6667
1291		0
1292		8.33333
1293		15.5
1294		11.6667
1295		8
1296		25.3333
1297		12
1298		11.5
1299		7.5
1300		22.5
1301		13
1302		28
1303		20.6667
1304		10
1305		6.5
1306		8
1307		12
1308		13.5
1309		19.75
1310		0
1311		8
1312		8.5
1313		8
1314		12.3333
1315		0
1316		16.75
1317		12
1318		8.5
1319		13
1320		6
1321		14
1322		24.5
1323		7
1324		8
1325		10.5
1326		0
1327		0
1328		13
1329		23.5
1330		14
1331		0
1332		10
1333		10.3333
1334		22
1335		22.5
1336		8
1337		8
1338		13
1339		0
1340		13.5
1341		16.6667
1342		8
1343		20
1344		19
1345		8
1346		9.2
1347		7
1348		15.75
1349		8
1350		0
1351		0
1352		12
1353		21.3333
1354		8
1355		9.5
1356		7.75
1357		19
1358		0
1359		0
1360		10
1361		8
1362		26.5
1363		0
1364		13.6667
1365		8
1366		12
1367		13
1368		24.6667
1369		7.5
1370		8
1371		0
1372		7.33333
1373		12
1374		8
1375		12.5
1376		10.6667
1377		26
1378		0
1379		0
1380		8
1381		7.6
1382		11
1383		14
1384		12
1385		9
1386		51
1387		0
1388		10
1389		8
1390		8
1391		11
1392		15.1429
1393		22
1394		0
1395		17
1396		8
1397		7
1398		6
1399		28.5
1400		14.5
1401		10.4
1402		0
1403		0
1404		6
1405		25.5
1406		7
1407		21.5
1408		11.25
1409		16.75
1410		8
1411		0
1412		26
1413		0
1414		13
1415		7
1416		8.33333
1417		12.3333
1418		41
1419		0
1420		6
1421		9
1422		7.33333
1423		9.5
1424		11.25
1425		15.5
1426		0
1427		0
1428		14
1429		9.25
1430		22
1431		8
1432		13.8571
1433		8
1434		0
1435		13
1436		7
1437		11
1438		23.5
1439		7.5
1440		8.6
1441		26.6667
1442		0
1443		8
1444		0
1445		24
1446		6.5
1447		0
1448		16.8571
1449		9.66667
1450		12.5
1451		0
1452		23.5
1453		0
1454		12
1455		34
1456		8.66667
1457		8
1458		18.6667
1459		0
1460		8.66667
1461		12
1462		7
1463		8
1464		13.5
1465		8
1466		64
1467		42
1468		9.8
1469		9.33333
1470		0
1471		8
1472		10
1473		0
1474		0
1475		17
1476		18.5
1477		19.75
1478		8
1479		0
1480		12
1481		13
1482		7.33333
1483		0
1484		10
1485		19.75
1486		0
1487		0
1488		9.33333
1489		8
1490		12.5
1491		32
1492		21
1493		7
1494		7
1495		0
1496		14
1497		9.66667
1498		37
1499		9
1500		9.5
1501		9
1502		8
1503		0
1504		14.75
1505		18.75
1506		0
1507		24.3333
1508		9
1509		8.66667
1510		13
1511		0
1512		22.3333
1513		13
1514		17.2
1515		7.5
1516		10
1517		0
1518		22
1519		43
1520		8.4
1521		8.5
1522		12
1523		14.75
1524		8
1525		28
1526		10.5
1527		0
1528		7.5
1529		22
1530		9.5
1531		9
1532		20
1533		17
1534		8
1535		0
1536		8.71429
1537		0
1538		24.5
1539		7.66667
1540		12
1541		8
1542		14
1543		0
1544		8
1545		14.8333
1546		34.5
1547		0
1548		0
1549		11
1550		8
1551		0
1552		12.625
1553		8
1554		8
1555		64
1556		0
1557		8
1558		39
1559		7
1560		8
1561		24
1562		10
1563		0
1564		0
1565		40
1566		0
1567		8
1568		15.875
1569		0
1570		8
1571		6
1572		22.3333
1573		0
1574		6
1575		0
1576		10.5
1577		10.25
1578		56
1579		41
1580		8
1581		13.5
1582		0
1583		8
1584		14.8
1585		24
1586		0
1587		15
1588		11.4
1589		8
1590		0
1591		0
1592		8
1593		17
1594		17.4
1595		7
1596		8
1597		8
1598		0
1599		0
1600		14
1601		13.5
1602		8
1603		28
1604		12
1605		0
1606		6
1607		42
1608		17
1609		10.25
1610		49
1611		0
1612		18
1613		41
1614		10.5
1615		13
1616		14.4
1617		8
1618		18
1619		19
1620		10
1621		0
1622		24.25
1623		8
1624		7
1625		20.8
1626		19
1627		0
1628		25.5
1629		0
1630		0
1631		12
1632		11.3333
1633		8
1634		0
1635		24
1636		8
1637		0
1638		11.3333
1639		0
1640		8
1641		15
1642		7
1643		0
1644		6
1645		21
1646		8
1647		0
1648		14.2
1649		8
1650		0
1651		37
1652		15
1653		8
1654		23.5
1655		0
1656		14
1657		61
1658		10
1659		8
1660		8.33333
1661		23.5
1662		8
1663		0
1664		25
1665		15.5
1666		0
1667		6
1668		19
1669		8.5
1670		6
1671		0
1672		11.75
1673		12.5
1674		36
1675		40
1676		8
1677		9.66667
1678		0
1679		8
1680		18.2
1681		20.75
1682		0
1683		15
1684		10
1685		0
1686		8.5
1687		0
1688		12.75
1689		17
1690		23.3333
1691		0
1692		14
1693		7
1694		0
1695		0
1696		15.6
1697		10.3333
1698		7
1699		17
1700		10
1701		19
1702		7.5
1703		42
1704		10
1705		9.66667
1706		9.5
1707		9
1708		15.3333
1709		24.5
1710		10.3333
1711		0
1712		11.8
1713		7
1714		0
1715		7.66667
1716		15.4
1717		11.5
1718		6
1719		0
1720		14
1721		16.6
1722		19
1723		0
1724		9.6
1725		0
1726		10.5
1727		9
1728		16.6667
1729		15.75
1730		11
1731		15
1732		13
1733		7
1734		6
1735		23.5
1736		13
1737		11.5
1738		9
1739		0
1740		8
1741		22
1742		0
1743		8
1744		14.8571
1745		8
1746		8.5
1747		19
1748		19
1749		8
1750		18.5
1751		8
1752		11.2
1753		10.6667
1754		15.5
1755		0
1756		13.3333
1757		22.6667
1758		8
1759		7
1760		7.75
1761		13.6667
1762		8
1763		30
1764		12.3333
1765		0
1766		9
1767		8
1768		13
1769		12.4
1770		19
1771		0
1772		12
1773		0
1774		13
1775		7
1776		14.8333
1777		12
1778		15
1779		15
1780		8
1781		9
1782		8
1783		15
1784		14.5
1785		9.25
1786		12.5
1787		0
1788		0
1789		39
1790		14.5
1791		13.5
1792		7.25
1793		25
1794		8
1795		19
1796		12.5
1797		14.3333
1798		24.5
1799		7.5
1800		15.6667
1801		9
1802		17
1803		0
1804		18.3333
1805		0
1806		11
1807		14
1808		12.5
1809		8
1810		8
1811		24
1812		11
1813		13
1814		8
1815		18.5
1816		11
1817		19.6
1818		0
1819		0
1820		18
1821		9
1822		8
1823		19
1824		19
1825		17.5
1826		9
1827		27
1828		8.4
1829		7.5
1830		24.5
1831		8
1832		13.5
1833		27
1834		16.3333
1835		0
1836		8
1837		16
1838		22
1839		14
1840		14.6667
1841		10
1842		8
1843		35
1844		7
1845		8.33333
1846		8
1847		15
1848		10.5
1849		13.6667
1850		7.25
1851		0
1852		16
1853		0
1854		8.66667
1855		8
1856		21
1857		8
1858		8
1859		8
1860		18.6667
1861		44
1862		8
1863		0
1864		8
1865		18.3333
1866		7.5
1867		8
1868		17.25
1869		26
1870		0
1871		0
1872		18
1873		8
1874		18.5
1875		6.5
1876		24
1877		8
1878		0
1879		0
1880		7.5
1881		30.3333
1882		7
1883		8
1884		8
1885		11
1886		8
1887		0
1888		22.2
1889		8
1890		48
1891		8
1892		19.6667
1893		8
1894		25.5
1895		7
1896		7.33333
1897		18.6667
1898		8
1899		0
1900		8.5
1901		17.6667
1902		8
1903		0
1904		40
1905		8
1906		33.5
1907		6
1908		15.75
1909		8
1910		0
1911		0
1912		7
1913		41
1914		40
1915		34.5
1916		8.33333
1917		8
1918		0
1919		0
1920		19
1921		16.75
1922		26.6667
1923		7
1924		16
1925		8
1926		0
1927		0
1928		12
1929		9
1930		7.5
1931		62
1932		8
1933		20.6667
1934		24.5
1935		0
1936		9
1937		16.8
1938		10
1939		9
1940		16.8
1941		8
1942		10.6667
1943		24.5
1944		7.66667
1945		7
1946		18.6667
1947		28
1948		7
1949		9.5
1950		8.5
1951		0
1952		44
1953		13.5
1954		11
1955		7
1956		21.6667
1957		8
1958		8
1959		9
1960		16.75
1961		17.75
1962		8
1963		11
1964		7.66667
1965		0
1966		11
1967		25.5
1968		8
1969		20.4
1970		28.5
1971		0
1972		19.6667
1973		8
1974		8
1975		11
1976		18
1977		14
1978		43
1979		0
1980		8
1981		9
1982		14
1983		10.5
1984		13.4
1985		40.5
1986		8
1987		0
1988		8
1989		9
1990		17.6667
1991		7
1992		11.2
1993		8
1994		31
1995		0
1996		14.75
1997		8
1998		0
1999		11
2000		21
2001		8
2002		9
2003		0
2004		10
2005		21.5
2006		6.5
2007		46
2008		24
2009		14.25
2010		9
2011		9
2012		8
2013		25.5
2014		8
2015		42
2016		13
2017		9.5
2018		7
2019		9
2020		21.3333
2021		8
2022		10
2023		0
2024		11.2857
2025		17
2026		22.75
2027		0
2028		0
2029		8
2030		8
2031		9
2032		17.6667
2033		18
2034		8.5
2035		0
2036		12
2037		21
2038		25.6667
2039		6
2040		21.3333
2041		9
2042		0
2043		24
2044		20
2045		19
2046		22.3333
2047		7.5
2048		11
2049		8
2050		0
2051		0
2052		39
2053		7
2054		17
2055		25
2056		9.33333
2057		18
2058		39
2059		0
2060		0
2061		8
2062		0
2063		15
2064		19.6667
2065		8
2066		0
2067		42
2068		13
2069		7.5
2070		7
2071		0
2072		8
2073		17.6
2074		28
2075		0
2076		26
2077		32
2078		7
2079		24
2080		26.8
2081		10.5
2082		9
2083		0
2084		8
2085		24
2086		19.5
2087		7
2088		7
2089		15.5
2090		0
2091		24
2092		7.25
2093		22.6667
2094		8
2095		8
2096		18
2097		8
2098		8.5
2099		0
2100		17.5714
2101		8
2102		6
2103		9
2104		8
2105		15.3333
2106		21.6667
2107		7
2108		8.4
2109		12.6
2110		0
2111		0
2112		7.5
2113		17
2114		7
2115		0
2116		12.4
2117		8
2118		10.5
2119		9
2120		18.25
2121		8
2122		31
2123		8.5
2124		8.25
2125		7
2126		17.75
2127		0
2128		0
2129		14
2130		8
2131		8
2132		8
2133		18.25
2134		12
2135		13
2136		33
2137		8
2138		9
2139		24.5
2140		9.66667
2141		8.75
2142		7
2143		34
2144		9
2145		15
2146		13
2147		7
2148		18.6667
2149		0
2150		11
2151		15.5
2152		18.3333
2153		10.3333
2154		8
2155		0
2156		8
2157		19
2158		6
2159		7
2160		12.25
2161		24
2162		8
2163		0
2164		12
2165		9.33333
2166		17.8
2167		7
2168		14.8
2169		0
2170		0
2171		0
2172		20.8
2173		10.75
2174		6
2175		8
2176		9.5
2177		38
2178		6
2179		6
2180		14.5
2181		17.75
2182		11
2183		8
2184		14.6
2185		9.66667
2186		13.5
2187		0
2188		13.2
2189		8
2190		28.5
2191		0
2192		8
2193		15.6
2194		8
2195		7
2196		28
2197		19.5
2198		7
2199		9
2200		12.6667
2201		7.8
2202		0
2203		8
2204		13.75
2205		23
2206		12
2207		0
2208		7.66667
2209		8
2210		22
2211		7
2212		16.75
2213		13
2214		8.5
2215		9
2216		15.3333
2217		8
2218		20
2219		0
2220		18
2221		7.5
2222		6
2223		0
2224		7
2225		23
2226		25
2227		6.5
2228		8
2229		20.5
2230		12
2231		20
2232		7.33333
2233		17
2234		0
2235		0
2236		13.6
2237		7
2238		19
2239		8
2240		17.5
2241		8.5
2242		34
2243		6
2244		18.6667
2245		8.33333
2246		11.8
2247		6
2248		0
2249		0
2250		10.5
2251		17.3333
2252		10.75
2253		22.25
2254		8
2255		8
2256		6
2257		6
2258		0
2259		0
2260		28
2261		9
2262		9.5
2263		12
2264		8
2265		8
2266		19
2267		12.6667
2268		7.66667
2269		19.3333
2270		7.5
2271		0
2272		6
2273		24.3333
2274		8
2275		0
2276		16.8333
2277		8.66667
2278		6
2279		0
2280		33.5
2281		8.25
2282		33.5
2283		10
2284		9.4
2285		8.5
2286		20.25
2287		6
2288		7
2289		16
2290		7
2291		47
2292		7.33333
2293		25.5
2294		7.33333
2295		8
2296		0
2297		7
2298		14.6667
2299		21.3333
2300		16
2301		8.33333
2302		8
2303		0
2304		7
2305		13.3333
2306		40
2307		7.5
2308		10.3333
2309		19.75
2310		0
2311		0
2312		39
2313		9
2314		10.3333
2315		30
2316		14
2317		8
2318		0
2319		0
2320		26
2321		17.75
2322		8.25
2323		0
2324		12.3333
2325		9
2326		0
2327		24
2328		0
2329		16.8
2330		10.75
2331		34
2332		7
2333		8.5
2334		41
2335		8
2336		15.3333
2337		9
2338		7.5
2339		0
2340		27
2341		0
2342		10.25
2343		7
2344		19
2345		8.33333
2346		24.5
2347		18.6667
2348		8
2349		19.3333
2350		8
2351		8.5
2352		10
2353		22.6
2354		8
2355		0
2356		15.8333
2357		12
2358		18
2359		10
2360		23.5
2361		8
2362		11.75
2363		8.5
2364		14
2365		8.5
2366		18
2367		0
2368		17
2369		9.75
2370		8
2371		8
2372		8.66667
2373		21.25
2374		8
2375		6
2376		10.8
2377		23
2378		8.5
2379		7
2380		24
2381		8
2382		10
2383		0
2384		16.5
2385		8
2386		23.5
2387		7.5
2388		9
2389		11.6667
2390		8
2391		0
2392		7
2393		21.75
2394		6
2395		9.5
2396		7.33333
2397		8
2398		8
2399		0
2400		18.3333
2401		8
2402		12.2
2403		8
2404		7
2405		0
2406		40
2407		7
2408		13
2409		7.33333
2410		0
2411		0
2412		7
2413		24
2414		14
2415		20
2416		8.33333
2417		8
2418		0
2419		0
2420		21.75
2421		7
2422		8.5
2423		10
2424		8.33333
2425		12
2426		40
2427		0
2428		8
2429		15.6
2430		7
2431		0
2432		11
2433		23.5
2434		0
2435		0
2436		7.5
2437		8
2438		10
2439		6.5
2440		19.2
2441		8
2442		0
2443		0
2444		15.3333
2445		8.75
2446		7.66667
2447		23.5
2448		11.6667
2449		17.75
2450		0
2451		0
2452		10.3333
2453		18.6667
2454		7.5
2455		11.5
2456		12
2457		8
2458		9
2459		0
2460		30
2461		7.66667
2462		24.5
2463		0
2464		8.25
2465		20.25
2466		8
2467		9
2468		20.6667
2469		8
2470		0
2471		0
2472		9
2473		8
2474		21
2475		13
2476		8
2477		26
2478		11.5
2479		7
2480		17.5
2481		7.66667
2482		8
2483		8
2484		8.66667
2485		17.5
2486		27
2487		8
2488		12.6
2489		24
2490		21.3333
2491		14
2492		19.75
2493		8
2494		8
2495		9
2496		15.5
2497		7.4
2498		12.5
2499		46
2500		8
2501		20.5
2502		16.6667
2503		8
2504		7
2505		23.6667
2506		7.66667
2507		15
2508		9.66667
2509		25
2510		8
2511		7
2512		11.3333
2513		7.33333
2514		29.5
2515		9
2516		18
2517		19.6667
2518		10.6667
2519		0
2520		23.5
2521		8
2522		8
2523		8
2524		9.5
2525		12.5
2526		30
2527		11
2528		0
2529		43
2530		10
2531		11
2532		12.5
2533		19.1667
2534		7
2535		0
2536		9
2537		0
2538		20.5
2539		8
2540		13.8333
2541		8
2542		29
2543		14
2544		23.75
2545		23
2546		6
2547		11.5
2548		8.66667
2549		17.8571
2550		7
2551		46
2552		24
2553		8.5
2554		8
2555		8
2556		16.1667
2557		20.3333
2558		10.6
2559		15
2560		7
2561		35
2562		12
2563		10
2564		7.4
2565		19
2566		20.3333
2567		0
2568		7
2569		0
2570		16
2571		7.5
2572		12.4286
2573		8
2574		32.5
2575		0
2576		20
2577		17
2578		7
2579		13
2580		19.5
2581		16.5
2582		0
2583		13
2584		0
2585		13.1667
2586		8
2587		0
2588		7.75
2589		0
2590		36.3333
2591		0
2592		14.75
2593		0
2594		0
2595		0
2596		22.4
2597		8.75
2598		0
2599		9
2600		8
2601		26
2602		0
2603		46
2604		8
2605		12.75
2606		14.25
2607		0
2608		7.5
2609		25.5
2610		0
2611		0
2612		22
2613		8
2614		0
2615		7.5
2616		44
2617		10.5
2618		6
2619		0
2620		18
2621		14.5
2622		31.5
2623		0
2624		7.33333
2625		0
2626		14
2627		12
2628		11.5714
2629		23.5
2630		8
2631		15
2632		21
2633		10
2634		6
2635		39
2636		8
2637		15.8333
2638		0
2639		0
2640		8.75
2641		0
2642		10
2643		0
2644		21.5
2645		8
2646		9
2647		0
2648		7
2649		7
2650		34
2651		11.5
2652		8
2653		20.6
2654		7
2655		0
2656		8
2657		16.3333
2658		14
2659		8
2660		7.5
2661		0
2662		27
2663		0
2664		21
2665		8
2666		7.5
2667		25
2668		20.6667
2669		9
2670		0
2671		37
2672		8
2673		14.5
2674		20
2675		8
2676		8
2677		22
2678		0
2679		0
2680		8.6
2681		8
2682		8
2683		25.5
2684		22.5
2685		8
2686		30
2687		0
2688		13.6
2689		9
2690		26
2691		8
2692		48
2693		9
2694		8
2695		0
2696		8.66667
2697		16
2698		8
2699		7
2700		12
2701		28
2702		12
2703		7
2704		14
2705		19.75
2706		8
2707		0
2708		24.25
2709		13
2710		7.33333
2711		0
2712		16.6
2713		23
2714		20.6667
2715		7
2716		10
2717		13.6
2718		8
2719		0
2720		7.5
2721		15.2
2722		14
2723		6.5
2724		15
2725		8
2726		34
2727		0
2728		16
2729		15
2730		7.5
2731		8
2732		7
2733		8.5
2734		25
2735		59
2736		9.2
2737		13.8
2738		8
2739		0
2740		0
2741		13.8333
2742		37.5
2743		7
2744		12.8333
2745		8
2746		9
2747		0
2748		17
2749		12.5
2750		7
2751		53
2752		8
2753		34
2754		24
2755		0
2756		18
2757		14.1429
2758		9.5
2759		0
2760		18.5
2761		8
2762		18
2763		24.5
2764		9.4
2765		8
2766		17.3333
2767		7
2768		6
2769		14
2770		7
2771		17
2772		26
2773		10.6
2774		8
2775		23
2776		16
2777		8.5
2778		28
2779		8
2780		13.6
2781		27.5
2782		13
2783		0
2784		17
2785		16
2786		7.5
2787		12.5
2788		17.25
2789		21
2790		9
2791		9
2792		8
2793		23.5
2794		20.6667
2795		8
2796		12
2797		8.66667
2798		0
2799		0
2800		15.75
2801		27.5
2802		13
2803		7.5
2804		15
2805		8
2806		8
2807		0
2808		16.4
2809		23
2810		7.66667
2811		7.5
2812		0
2813		16
2814		42
2815		0
2816		12
2817		10.25
2818		13
2819		9.5
2820		41
2821		8
2822		13.6667
2823		27.5
2824		7.2
2825		24
2826		12
2827		0
2828		8.75
2829		18.3333
2830		0
2831		8.5
2832		17.2
2833		9
2834		8
2835		0
2836		15.75
2837		8.33333
2838		10
2839		7
2840		17
2841		21.3333
2842		13
2843		6
2844		7.8
2845		6
2846		20.5
2847		0
2848		13.4286
2849		14.6667
2850		8
2851		8.5
2852		8
2853		16.6667
2854		28
2855		7
2856		8.75
2857		8.2
2858		10
2859		0
2860		21.5
2861		20.3333
2862		8.33333
2863		6
2864		11.5714
2865		7
2866		7
2867		0
2868		16.75
2869		15.25
2870		6
2871		9
2872		8
2873		13.75
2874		24
2875		0
2876		8
2877		7.8
2878		8
2879		6
2880		11.8333
2881		40
2882		8
2883		0
2884		18.5
2885		7.66667
2886		8
2887		7
2888		16.25
2889		18.5
2890		6
2891		0
2892		7.5
2893		7.33333
2894		25
2895		0
2896		15
2897		12
2898		8
2899		0
2900		12
2901		15.5
2902		25
2903		13
2904		13.25
2905		8.5
2906		0
2907		6
2908		18.6667
2909		23.5
2910		9.8
2911		7
2912		9
2913		8
2914		40
2915		8
2916		13.6
2917		11
2918		8
2919		9.5
2920		30
2921		8
2922		0
2923		42
2924		9.4
2925		8.66667
2926		7.66667
2927		0
2928		0
2929		33
2930		12.3333
2931		9.5
2932		17.5
2933		8
2934		0
2935		8
2936		16.25
2937		11.75
2938		8
2939		8
2940		12
2941		22
2942		13.5
2943		8
2944		11
2945		12
2946		8
2947		10
2948		29
2949		8
2950		7.75
2951		0
2952		12.8333
2953		0
2954		46
2955		8
2956		8
2957		7.5
2958		8
2959		10.5
2960		8
2961		20.1667
2962		0
2963		0
2964		10
2965		8
2966		8.8
2967		0
2968		18.3333
2969		8
2970		8
2971		0
2972		6
2973		0
2974		22
2975		16.75
2976		8
2977		13.3333
2978		0
2979		0
2980		19.3333
2981		18.3333
2982		7.33333
2983		8
2984		16
2985		35
2986		0
2987		0
2988		16
2989		10.5
2990		0
2991		17.5
2992		17
2993		0
2994		40
2995		0
2996		11.3333
2997		7.66667
2998		29
2999		0
3000		19.6667
3001		13.6667
3002		11.5
3003		42
3004		7
3005		22.5
3006		8
3007		16.6667
3008		7
3009		15
3010		8
3011		0
3012		20.8
3013		13.3333
3014		11
3015		8
3016		15.4
3017		7.5
3018		6
3019		0
3020		13.75
3021		29.6667
3022		9.5
3023		9
3024		8
3025		8
3026		8
3027		0
3028		13
3029		15.5
3030		21.6667
3031		8
3032		8
3033		0
3034		24.5
3035		0
3036		19.6
3037		8.33333
3038		10.5
3039		0
3040		8
3041		36
3042		6
3043		10.6667
3044		10
3045		20.6
3046		8
3047		0
3048		18
3049		9.5
3050		14
3051		8
3052		7.5
3053		10
3054		35.6667
3055		0
3056		9.33333
3057		8.33333
3058		7
3059		29
3060		33.5
3061		7.66667
3062		8.66667
3063		25
3064		7.66667
3065		6
3066		10.5
3067		0
3068		7.33333
3069		23
3070		8
3071		0
3072		18.5
3073		8.5
3074		11
3075		11.5
3076		20.6667
3077		8
3078		48
3079		7
3080		8
3081		12.5714
3082		10.3333
3083		0
3084		17.75
3085		0
3086		0
3087		8
3088		13.1667
3089		8.8
3090		7
3091		7
3092		12
3093		48
3094		40
3095		6
3096		7.8
3097		11.8
3098		7.5
3099		0
3100		41.5
3101		0
3102		8.5
3103		8
3104		13.375
3105		10
3106		27
3107		7
3108		10
3109		8
3110		7
3111		7
3112		28
3113		16.375
3114		0
3115		0
3116		8
3117		8
3118		17
3119		0
3120		20.8
3121		8
3122		9
3123		9
3124		8.5
3125		24
3126		28.6667
3127		38
3128		8
3129		9
3130		8
3131		13
3132		6
3133		19.1667
3134		25.5
3135		0
3136		9.33333
3137		8
3138		0
3139		8
3140		16.7143
3141		8
3142		7
3143		40
3144		8
3145		16
3146		40.5
3147		0
3148		8
3149		13.6
3150		9
3151		0
3152		16.8
3153		8.33333
3154		0
3155		42
3156		14.25
3157		8
3158		8.66667
3159		0
3160		7.66667
3161		22
3162		9
3163		17
3164		19.3333
3165		12.5
3166		8
3167		7
3168		0
3169		8
3170		7.5
3171		0
3172		11.8333
3173		18
3174		0
3175		8
3176		31
3177		0
3178		7.75
3179		6
3180		17.8333
3181		12
3182		9
3183		7
3184		6
3185		15.3333
3186		26.5
3187		9
3188		8
3189		8
3190		8
3191		8
3192		16
3193		16
3194		9.5
3195		0
3196		8
3197		10
3198		17.5
3199		13.5
3200		13.6667
3201		12
3202		8.5
3203		0
3204		20.5
3205		8
3206		25
3207		8
3208		12.5
3209		8
3210		9
3211		0
3212		10.3333
3213		15.6667
3214		0
3215		28.5
3216		8
3217		11
3218		8
3219		6
3220		20.5
3221		10.6667
3222		0
3223		7.33333
3224		22.25
3225		7.66667
3226		8
3227		0
3228		8.33333
3229		18
3230		6
3231		8
3232		9
3233		21
3234		6
3235		6
3236		8
3237		8
3238		10.3333
3239		6
3240		28
3241		8
3242		0
3243		0
3244		11.6
3245		11
3246		19.3333
3247		0
3248		14
3249		8
3250		0
3251		9
3252		7.33333
3253		22
3254		8
3255		0
3256		8
3257		7.33333
3258		12.5
3259		0
3260		15.2857
3261		8
3262		8
3263		0
3264		17.5
3265		8
3266		16
3267		7
3268		8
3269		9.5
3270		0
3271		20
3272		6.66667
3273		19.2
3274		8.33333
3275		8
3276		7.5
3277		9
3278		0
3279		0
3280		18
3281		8
3282		13
3283		11
3284		8
3285		8
3286		19
3287		14
3288		10.5
3289		7.5
3290		0
3291		0
3292		13.2
3293		18
3294		9.33333
3295		9
3296		9
3297		12.3333
3298		6
3299		29
3300		8.25
3301		13.5
3302		0
3303		7
3304		10
3305		0
3306		21
3307		8
3308		8
3309		9
3310		16.3333
3311		0
3312		18.4
3313		7
3314		8
3315		6
3316		33
3317		7.5
3318		0
3319		6.5
3320		12.8
3321		19
3322		0
3323		8
3324		8
3325		22.5
3326		7.25
3327		8
3328		16.25
3329		15
3330		0
3331		11
3332		7
3333		8.33333
3334		16.25
3335		7
3336		11.6
3337		0
3338		0
3339		0
3340		12.75
3341		16
3342		12
3343		0
3344		10.7143
3345		10
3346		0
3347		0
3348		14.4
3349		13.5
3350		8
3351		10
3352		8
3353		9
3354		25.5
3355		0
3356		13.3333
3357		7.6
3358		11
3359		0
3360		7.25
3361		23.5
3362		25
3363		0
3364		7.5
3365		12.5
3366		8
3367		29
3368		8
3369		17
3370		0
3371		9
3372		8
3373		7.5
3374		23.5
3375		0
3376		14.5
3377		8
3378		0
3379		8
3380		18.3333
3381		7.5
3382		14.3333
3383		29
3384		8
3385		8
3386		0
3387		0
3388		8
3389		18.4
3390		19
3391		0
3392		8.25
3393		9.5
3394		0
3395		0
3396		17.6667
3397		13.5
3398		26.5
3399		10
3400		15.6667
3401		8
3402		0
3403		0
3404		19.6667
3405		6
3406		12.8333
3407		0
3408		8
3409		13.75
3410		0
3411		0
3412		8.4
3413		22
3414		8
3415		9.5
3416		31
3417		8
3418		9
3419		45
3420		9
3421		7.5
3422		23
3423		7
3424		0
3425		34
3426		9.33333
3427		0
3428		15.5
3429		16
3430		8
3431		8
3432		16
3433		15
3434		26.5
3435		16
3436		7.5
3437		8
3438		42
3439		0
3440		10
3441		23.75
3442		8
3443		0
3444		8
3445		43
3446		10
3447		43
3448		18.3333
3449		8.25
3450		8
3451		23
3452		7
3453		11
3454		16.25
3455		0
3456		7.66667
3457		18.6667
3458		0
3459		0
3460		18.8
3461		7.5
3462		7.66667
3463		6
3464		17.75
3465		0
3466		12
3467		17.3333
3468		14
3469		8.33333
3470		35
3471		8
3472		7
3473		34.6667
3474		8
3475		0
3476		24.6667
3477		9
3478		0
3479		6
3480		22.3333
3481		8
3482		8
3483		0
3484		7.5
3485		15
3486		33.3333
3487		14
3488		8
3489		8.5
3490		8
3491		0
3492		8.83333
3493		24.75
3494		8
3495		41
3496		7
3497		8
3498		0
3499		6
3500		17.25
3501		14.6
3502		8
3503		23
3504		24
3505		0
3506		0
3507		7.5
3508		7.66667
3509		25.5
3510		19.6667
3511		8
3512		8
3513		40
3514		0
3515		8
3516		14.4
3517		8
3518		80
3519		8
3520		23.5
3521		0
3522		0
3523		13
3524		21.25
3525		17.5
3526		0
3527		0
3528		8
3529		20.6667
3530		0
3531		0
3532		8.33333
3533		8
3534		40
3535		0
3536		15.8
3537		8
3538		7.5
3539		0
3540		26.6667
3541		8
3542		25
3543		9
3544		7.5
3545		36
3546		8
3547		26
3548		0
3549		20.6667
3550		8.33333
3551		9
3552		8.57143
3553		25.5
3554		0
3555		8
3556		35
3557		15.6667
3558		7.75
3559		6
3560		20
3561		10
3562		12
3563		28.5
3564		7.33333
3565		8.75
3566		28
3567		0
3568		7.5
3569		0
3570		25
3571		8
3572		7
3573		15.5
3574		9.5
3575		15
3576		24
3577		59
3578		8
3579		23
3580		8
3581		7.66667
3582		8
3583		0
3584		14
3585		25.5
3586		13
3587		8
3588		29.5
3589		0
3590		0
3591		42
3592		8
3593		14.3333
3594		9.66667
3595		7
3596		24
3597		44
3598		0
3599		8
3600		22
3601		9.5
3602		24.5
3603		0
3604		19.6667
3605		8
3606		0
3607		8
3608		8
3609		29.3333
3610		44
3611		7
3612		8
3613		12
3614		20
3615		0
3616		24
3617		19.3333
3618		20.6667
3619		0
3620		11.5
3621		11
3622		0
3623		12
3624		26
3625		16.5
3626		0
3627		10
3628		9.33333
3629		0
3630		25.5
3631		6
3632		16.25
3633		7.33333
3634		23
3635		0
3636		7.33333
3637		23.5
3638		0
3639		8
3640		10
3641		16.7778
3642		0
3643		29
3644		8
3645		0
3646		9
3647		6
3648		16.6
3649		7
3650		14.6
3651		0
3652		22.3333
3653		0
3654		11
3655		7.5
3656		18.3333
3657		7.5
3658		8
3659		57
3660		7
3661		30
3662		10
3663		7
3664		8
3665		19
3666		31.5
3667		0
3668		17.2
3669		8
3670		8
3671		8
3672		13.5
3673		20
3674		22
3675		8.5
3676		0
3677		20.3333
3678		10
3679		0
3680		16.25
3681		10.3333
3682		20
3683		6
3684		20.6667
3685		0
3686		8
3687		7
3688		15.6667
3689		23.6
3690		0
3691		9
3692		8
3693		25
3694		14
3695		26
3696		7.75
3697		7.33333
3698		26.5
3699		6
3700		15.5
3701		9
3702		8
3703		0
3704		17
3705		15
3706		17.3333
3707		0
3708		11
3709		8
3710		45
3711		16
3712		8
3713		13.8333
3714		16.5
3715		0
3716		7.5
3717		24.5
3718		0
3719		13
3720		12.8333
3721		18.6667
3722		8
3723		43
3724		18
3725		0
3726		6
3727		19.25
3728		11.5
3729		8.4
3730		24
3731		0
3732		23.5
3733		14.3333
3734		11.3333
3735		6.5
3736		22.6667
3737		17.3333
3738		8
3739		13
3740		7
3741		12
3742		8
3743		15.5
3744		16.5
3745		12
3746		47
3747		8
3748		12.5
3749		17.4
3750		10
3751		0
3752		23.4
3753		0
3754		13
3755		9
3756		27.6667
3757		10
3758		8.5
3759		0
3760		10.75
3761		17.75
3762		41.5
3763		8
3764		12.3333
3765		7.5
3766		6
3767		0
3768		16.1667
3769		8.33333
3770		8
3771		28
3772		8
3773		8.25
3774		6.66667
3775		29
3776		7.5
3777		24.25
3778		7
3779		8
3780		7
3781		8
3782		8
3783		8
3784		18.6667
3785		8
3786		9
3787		35.5
3788		8
3789		0
3790		29
3791		0
3792		9
3793		8.5
3794		64
3795		0
3796		16
3797		21.3333
3798		0
3799		0
3800		9.8
3801		7
3802		0
3803		64
3804		15.6
3805		20
3806		0
3807		0
3808		0
3809		36
3810		13
3811		0
3812		14.5
3813		8
3814		24
3815		0
3816		15.4
3817		10.5
3818		8
3819		38
3820		8
3821		9.66667
3822		6
3823		0
3824		10
3825		15.6
3826		7.5
3827		9
3828		25
3829		8
3830		9.33333
3831		0
3832		23.6
3833		7.5
3834		8
3835		7.5
3836		7
3837		30
3838		25
3839		0
3840		8
3841		19.75
3842		8
3843		18
3844		18.75
3845		8
3846		9
3847		42
3848		31
3849		8
3850		16.4
3851		7.5
3852		7
3853		8
3854		6
3855		8
3856		17
3857		18.75
3858		8
3859		9
3860		20
3861		17
3862		24.6667
3863		7.5
3864		22.6667
3865		16
3866		9
3867		0
3868		7.66667
3869		7
3870		16
3871		59
3872		18.3333
3873		0
3874		8
3875		0
3876		7.33333
3877		14.1429
3878		18.75
3879		14
3880		8.66667
3881		0
3882		0
3883		7
3884		19.6
3885		8
3886		7.5
3887		16.5
3888		16.6667
3889		0
3890		23
3891		0
3892		7.5
3893		11.6667
3894		10.5
3895		7
3896		11.25
3897		38
3898		8
3899		42
3900		7.5
3901		7.5
3902		8
3903		29
3904		13.8333
3905		13
3906		0
3907		0
3908		40
3909		9.8
3910		11
3911		0
3912		12.2857
3913		8.5
3914		0
3915		0
3916		8
3917		26
3918		9
3919		11
3920		7.6
3921		8
3922		0
3923		0
3924		18
3925		13
3926		21
3927		0
3928		16.75
3929		10
3930		0
3931		7
3932		28
3933		8
3934		18.75
3935		0
3936		8
3937		14.5
3938		0
3939		10.5
3940		13.2
3941		24
3942		8
3943		0
3944		8
3945		0
3946		9.5
3947		7
3948		10.6667
3949		16
3950		25.3333
3951		0
3952		24
3953		13
3954		8
3955		11
3956		21.6
3957		8.25
3958		9.5
3959		0
3960		0
3961		8
3962		6
3963		26
3964		12
3965		16.75
3966		9.5
3967		0
3968		6.5
3969		43
3970		0
3971		16
3972		17
3973		8.6
3974		8
3975		0
3976		25.5
3977		10
3978		0
3979		0
3980		8.75
3981		16
3982		31
3983		0
3984		8.75
3985		8
3986		6
3987		11
3988		16.25
3989		17.6667
3990		8
3991		0
3992		0
3993		7.66667
3994		23
3995		7
3996		18
3997		7.66667
3998		15.6667
3999		0
4000		6.5
4001		18
4002		22.5
4003		7.5
4004		7.2
4005		32
4006		0
4007		0
4008		18
4009		19
4010		8.5
4011		0
4012		26
4013		8.33333
4014		0
4015		0
4016		22.75
4017		8.33333
4018		7.66667
4019		34
4020		8
4021		13.5
4022		8
4023		41
4024		7.8
4025		37
4026		0
4027		8
4028		18
4029		16
4030		0
4031		0
4032		14
4033		9
4034		9.33333
4035		19
4036		0
4037		14.6
4038		42
4039		0
4040		7.5
4041		25
4042		7.5
4043		0
4044		16
4045		0
4046		8
4047		0
4048		16.5
4049		8
4050		27.5
4051		24.5
4052		8
4053		10.2
4054		6
4055		0
4056		0
4057		25.5
4058		0
4059		0
4060		19
4061		8
4062		8.5
4063		0
4064		26.25
4065		0
4066		11.5
4067		51
4068		8
4069		8
4070		24.5
4071		0
4072		8
4073		15.5
4074		0
4075		0
4076		13.5
4077		8
4078		0
4079		41
4080		15.5
4081		8
4082		20.75
4083		0
4084		8
4085		8
4086		0
4087		12
4088		12
4089		31.25
4090		8
4091		0
4092		0
4093		6
4094		7
4095		0
4096		16.1667
4097		17.5
4098		32
4099		0
4100		45
4101		8
4102		0
4103		12
4104		7.6
4105		22.6667
4106		21.6667
4107		0
4108		8
4109		25.5
4110		0
4111		8
4112		19.75
4113		8
4114		26
4115		0
4116		26.5
4117		8
4118		0
4119		28
4120		13
4121		15
4122		7
4123		0
4124		8
4125		20
4126		0
4127		0
4128		18.75
4129		19.3333
4130		10
4131		0
4132		26
4133		9
4134		0
4135		46
4136		13.3333
4137		8
4138		24.5
4139		0
4140		9.5
4141		7.66667
4142		24
4143		0
4144		11.6667
4145		8
4146		21
4147		41
4148		8
4149		16.25
4150		8
4151		0
4152		7.5
4153		12
4154		8
4155		17
4156		25.25
4157		13.6
4158		0
4159		0
4160		17.25
4161		8
4162		6.75
4163		7
4164		12.5
4165		17.5
4166		13
4167		0
4168		7.6
4169		24
4170		8
4171		26
4172		28.5
4173		9
4174		8
4175		6
4176		16
4177		10
4178		45.5
4179		0
4180		8.5
4181		8
4182		6
4183		8
4184		9.33333
4185		26.25
4186		0
4187		48
4188		0
4189		8
4190		8
4191		8
4192		20
4193		12
4194		13.6667
4195		0
4196		25
4197		0
4198		0
4199		43
4200		9.125
4201		8
4202		0
4203		9.5
4204		0
4205		27
4206		16.5
4207		0
4208		8
4209		14.25
4210		9.5
4211		0
4212		24.5
4213		14
4214		8.33333
4215		6
4216		12.1667
4217		8
4218		42
4219		7
4220		10.3333
4221		16.25
4222		6
4223		8
4224		7
4225		18.75
4226		20.3333
4227		0
4228		21
4229		7.66667
4230		8.5
4231		0
4232		13.5
4233		0
4234		25
4235		6.5
4236		7
4237		8
4238		18.6667
4239		7
4240		6
4241		16.4
4242		50
4243		8
4244		25.5
4245		9
4246		7
4247		0
4248		16.2857
4249		16
4250		0
4251		53
4252		13.2
4253		0
4254		22
4255		14.5
4256		8
4257		22.3333
4258		8.66667
4259		0
4260		8
4261		21.4
4262		7
4263		0
4264		7
4265		9
4266		8
4267		54
4268		22.75
4269		7.33333
4270		9
4271		10
4272		13.8
4273		10.25
4274		30.5
4275		41
4276		10
4277		8
4278		13.6
4279		0
4280		7.25
4281		19.3333
4282		8
4283		15
4284		21
4285		16.3333
4286		18
4287		7.5
4288		8
4289		8.8
4290		44
4291		36
4292		7.33333
4293		8.5
4294		8
4295		8
4296		14
4297		8
4298		0
4299		48
4300		22
4301		8
4302		9
4303		42
4304		8
4305		9.8
4306		26.5
4307		7
4308		0
4309		25
4310		8
4311		0
4312		8
4313		8.5
4314		8
4315		11.6667
4316		19
4317		8
4318		20
4319		0
4320		7.5
4321		23.3333
4322		16.6
4323		7
4324		24.5
4325		9
4326		8
4327		7
4328		7
4329		26
4330		8
4331		7.5
4332		30.5
4333		19.6667
4334		0
4335		8
4336		26.5
4337		12
4338		30
4339		0
4340		30.6667
4341		8
4342		9
4343		7
4344		7
4345		8
4346		25
4347		22.5
4348		14
4349		0
4350		8
4351		8
4352		8
4353		7
4354		34
4355		46
4356		18.6667
4357		0
4358		0
4359		0
4360		7.25
4361		8
4362		7
4363		64
4364		27
4365		43
4366		0
4367		0
4368		10.5
4369		23
4370		7
4371		0
4372		19.3333
4373		49
4374		0
4375		0
4376		7.66667
4377		7
4378		26
4379		54
4380		21
4381		10
4382		0
4383		0
4384		8.33333
4385		21.3333
4386		26
4387		0
4388		9
4389		8
4390		0
4391		0
4392		13.8333
4393		27
4394		8
4395		48
4396		24
4397		8
4398		0
4399		0
4400		14.8
4401		12.3333
4402		20.6667
4403		6.5
4404		0
4405		33
4406		0
4407		43
4408		8.14286
4409		8
4410		8
4411		9
4412		20.5
4413		40
4414		8.66667
4415		0
4416		21.6
4417		8.4
4418		7
4419		0
4420		18
4421		18.3333
4422		8.33333
4423		7
4424		7.6
4425		0
4426		24
4427		6.5
4428		18.6667
4429		7.66667
4430		0
4431		8
4432		21
4433		18.3333
4434		14.6
4435		8
4436		0
4437		8
4438		59
4439		0
4440		14.375
4441		15
4442		8
4443		11.3333
4444		0
4445		19
4446		22.5
4447		0
4448		20.4
4449		7.5
4450		7
4451		8
4452		32
4453		26.5
4454		22.6667
4455		0
4456		10
4457		9.5
4458		20
4459		10
4460		18.3333
4461		7.5
4462		0
4463		9
4464		31.6667
4465		7.33333
4466		8.5
4467		41
4468		13.5
4469		23
4470		9
4471		7
4472		14.5
4473		16
4474		8
4475		50
4476		7.75
4477		15.3333
4478		8
4479		7
4480		18.3333
4481		13.6667
4482		0
4483		0
4484		9
4485		23
4486		18.75
4487		0
4488		14
4489		9
4490		0
4491		11
4492		11.5
4493		14.4
4494		0
4495		0
4496		19.75
4497		0
4498		7
4499		0
4500		15.75
4501		14.5
4502		31
4503		0
4504		9
4505		12
4506		0
4507		23.5
4508		12.5
4509		8.25
4510		0
4511		0
4512		19
4513		7
4514		34.5
4515		0
4516		9
4517		29.5
4518		9.33333
4519		7
4520		22
4521		7
4522		8.5
4523		28.5
4524		13
4525		7.5
4526		0
4527		0
4528		9.33333
4529		20
4530		7.5
4531		6
4532		8
4533		25
4534		14
4535		42
4536		14.6
4537		7.5
4538		24
4539		9
4540		8.75
4541		28
4542		21.2
4543		24
4544		8
4545		8
4546		12
4547		0
4548		25
4549		9.75
4550		8
4551		9
4552		19
4553		0
4554		13.5
4555		7
4556		11.7143
4557		17.75
4558		0
4559		11
4560		8.33333
4561		0
4562		8.66667
4563		0
4564		7.33333
4565		23
4566		46
4567		11
4568		9.66667
4569		7
4570		8
4571		0
4572		19.3333
4573		0
4574		49
4575		0
4576		9.25
4577		12.5
4578		16
4579		13
4580		40.3333
4581		20.3333
4582		13
4583		0
4584		16.6667
4585		11.75
4586		6
4587		0
4588		19
4589		0
4590		32
4591		7
4592		9.33333
4593		29
4594		9
4595		8
4596		17
4597		19.5
4598		0
4599		8.5
4600		18
4601		22.75
4602		8
4603		46
4604		18
4605		8.33333
4606		11
4607		8
4608		14
4609		19.6667
4610		9
4611		0
4612		22.6667
4613		8
4614		8
4615		7
4616		21.3333
4617		14.75
4618		8
4619		0
4620		7.5
4621		10.3333
4622		35
4623		6
4624		19
4625		8
4626		9
4627		0
4628		7
4629		13.6667
4630		30
4631		11.5
4632		10
4633		59
4634		8
4635		39
4636		19
4637		7.66667
4638		8
4639		15
4640		9
4641		29
4642		13
4643		0
4644		17.4
4645		8
4646		9
4647		8
4648		18.5
4649		11
4650		8
4651		7
4652		8
4653		22.25
4654		8
4655		19
4656		7.66667
4657		6
4658		18
4659		0
4660		14.6667
4661		19.5
4662		8
4663		8
4664		7.66667
4665		11.5
4666		17.5
4667		7
4668		16
4669		8
4670		9
4671		0
4672		7
4673		18.75
4674		16
4675		6
4676		8.75
4677		9
4678		8
4679		0
4680		17.5714
4681		7.5
4682		8.5
4683		8
4684		16
4685		8.5
4686		17.5
4687		7
4688		7.66667
4689		8.33333
4690		8
4691		0
4692		8.66667
4693		21.4
4694		8
4695		9
4696		8
4697		9
4698		8
4699		0
4700		19
4701		8.5
4702		8
4703		0
4704		16
4705		8.33333
4706		20.3333
4707		7
4708		8
4709		19.5
4710		8
4711		0
4712		7
4713		18
4714		8
4715		8
4716		8.33333
4717		9.66667
4718		8
4719		0
4720		21.6667
4721		8.33333
4722		16.6667
4723		0
4724		7.75
4725		8
4726		24.6667
4727		9
4728		20
4729		7.66667
4730		8
4731		0
4732		7.6
4733		20.6667
4734		7
4735		8
4736		8.33333
4737		26
4738		10
4739		7
4740		21.3333
4741		8.33333
4742		0
4743		14
4744		18.3333
4745		7.66667
4746		17.5
4747		15
4748		17.3333
4749		8
4750		0
4751		8
4752		7.5
4753		19.2
4754		17.25
4755		0
4756		8.5
4757		0
4758		0
4759		11
4760		18.3333
4761		12.3333
4762		8.66667
4763		15
4764		10
4765		8
4766		0
4767		28
4768		7.33333
4769		12.6667
4770		11.8
4771		0
4772		8
4773		26
4774		36
4775		7
4776		9.5
4777		7.6
4778		0
4779		13.5
4780		15.5
4781		0
4782		42
4783		7.5
4784		34
4785		11.3333
4786		11.5
4787		0
4788		16.75
4789		9
4790		9.5
4791		7
4792		10.25
4793		16.5
4794		7.5
4795		24.5
4796		8
4797		8
4798		7.66667
4799		8
4800		16
4801		16.6
4802		7.5
4803		8
4804		8
4805		12
4806		16.75
4807		6.5
4808		13.1667
4809		8
4810		0
4811		23.5
4812		6
4813		21
4814		18.3333
4815		8
4816		11
4817		23.5
4818		10
4819		0
4820		14.2
4821		20.3333
4822		11.5
4823		7
4824		18
4825		8
4826		6
4827		23.5
4828		18.6667
4829		8
4830		7
4831		8
4832		9.5
4833		21.6667
4834		26
4835		40
4836		8
4837		11
4838		11
4839		13.5
4840		14.4
4841		18.6667
4842		42
4843		15
4844		0
4845		8
4846		8
4847		8
4848		16
4849		17
4850		28.5
4851		0
4852		0
4853		0
4854		0
4855		0
4856		13.4286
4857		20.3333
4858		8
4859		48
4860		0
4861		0
4862		6
4863		42
4864		16.75
4865		9
4866		42
4867		0
4868		0
4869		41
4870		25.5
4871		0
4872		13.5
4873		0
4874		8
4875		19
4876		0
4877		25.5
4878		24.5
4879		0
4880		8
4881		16.75
4882		19
4883		0
4884		22.2
4885		9
4886		0
4887		8
4888		16
4889		0
4890		0
4891		24
4892		8
4893		22
4894		7
4895		0
4896		8
4897		19.25
4898		7
4899		8
4900		14.2
4901		8
4902		0
4903		0
4904		22.25
4905		8
4906		0
4907		65
4908		12.3333
4909		0
4910		41
4911		0
4912		8
4913		61
4914		0
4915		0
4916		10.8333
4917		29.5
4918		0
4919		0
4920		12.5
4921		20.5
4922		0
4923		29
4924		7.5
4925		14.6667
4926		0
4927		0
4928		17.3333
4929		13.3333
4930		8
4931		0
4932		17.25
4933		8
4934		22.75
4935		36
4936		13.6
4937		8
4938		9
4939		0
4940		6
4941		39.5
4942		8
4943		20
4944		33.6667
4945		8
4946		0
4947		0
4948		15.75
4949		0
4950		23.3333
4951		85
4952		18.25
4953		18
4954		9
4955		7
4956		8
4957		15.6667
4958		16
4959		32.5
4960		10.5
4961		10.25
4962		8
4963		8
4964		20.5
4965		0
4966		8
4967		93
4968		21.4
4969		8.66667
4970		8.66667
4971		0
4972		8
4973		19.5
4974		0
4975		0
4976		20
4977		22.6667
4978		8
4979		0
4980		32
4981		13
4982		8.5
4983		76
4984		8
4985		8.33333
4986		43
4987		0
4988		7
4989		12
4990		9.33333
4991		0
4992		30.5
4993		20.3333
4994		8
4995		0
4996		9.66667
4997		8.66667
4998		0
4999		8
5000		15.25
5001		22.3333
5002		9
5003		0
5004		20
5005		8
5006		26.3333
5007		8
5008		17.5
5009		10.3333
5010		7
5011		0
5012		0
5013		35
5014		20.6667
5015		7.33333
5016		10
5017		7.5
5018		8
5019		9
5020		21.5
5021		19.3333
5022		18.75
5023		0
5024		12.5
5025		8
5026		11
5027		8
5028		18.6667
5029		14.4286
5030		0
5031		10
5032		11.6667
5033		23
5034		18.6667
5035		6
5036		8.5
5037		7
5038		22.3333
5039		0
5040		15
5041		18.6667
5042		8.5
5043		8
5044		17
5045		13.8333
5046		9
5047		29
5048		7
5049		9
5050		0
5051		0
5052		7.4
5053		17.6667
5054		13.8
5055		0
5056		11.6667
5057		8
5058		0
5059		6
5060		20.6
5061		7.75
5062		8.66667
5063		57
5064		7.5
5065		8
5066		26
5067		8
5068		7.5
5069		17.25
5070		31.5
5071		0
5072		8.5
5073		23.5
5074		7
5075		11
5076		11.5
5077		19.5
5078		44
5079		10
5080		42
5081		8
5082		10
5083		8
5084		14.8333
5085		6
5086		25.4
5087		0
5088		7.33333
5089		15
5090		0
5091		8
5092		15
5093		29.25
5094		8
5095		9.5
5096		12
5097		8.33333
5098		6
5099		26.5
5100		11
5101		15.75
5102		20.25
5103		7
5104		7.5
5105		0
5106		8
5107		0
5108		17.75
5109		20.75
5110		7.66667
5111		7
5112		39
5113		11
5114		45
5115		16
5116		9.6
5117		8
5118		28.5
5119		8
5120		7.5
5121		30
5122		18
5123		7
5124		8
5125		22.5
5126		8
5127		43
5128		24.5
5129		11
5130		7
5131		23
5132		7.66667
5133		8
5134		19
5135		7
5136		14
5137		16.75
5138		8
5139		0
5140		16.8
5141		7
5142		8
5143		8
5144		20
5145		8
5146		8
5147		17.3333
5148		18.6667
5149		9
5150		32.5
5151		8
5152		8
5153		22.5
5154		6
5155		8
5156		21
5157		18
5158		9
5159		0
5160		23.5
5161		0
5162		6
5163		32
5164		19.6667
5165		9.66667
5166		15.5
5167		0
5168		0
5169		7
5170		42
5171		8
5172		11.6667
5173		9
5174		8
5175		41
5176		23.5
5177		13
5178		7.5
5179		9
5180		8
5181		8
5182		7
5183		0
5184		20
5185		21
5186		8
5187		0
5188		15.6667
5189		9
5190		0
5191		0
5192		19.6667
5193		21
5194		16
5195		11.5
5196		23
5197		8.33333
5198		9
5199		0
5200		17.5
5201		37
5202		8
5203		0
5204		8
5205		17.3333
5206		27
5207		0
5208		7.8
5209		7
5210		0
5211		7
5212		22
5213		17.5
5214		9
5215		0
5216		8
5217		9.5
5218		20.5
5219		9
5220		45
5221		0
5222		8.66667
5223		0
5224		9.2
5225		21.5
5226		42
5227		0
5228		11
5229		7
5230		8.66667
5231		0
5232		22
5233		15.8
5234		7.5
5235		0
5236		6
5237		9.66667
5238		22
5239		9.5
5240		15.75
5241		7.5
5242		8
5243		0
5244		8
5245		17
5246		40
5247		8
5248		8
5249		9
5250		7
5251		0
5252		38
5253		15.75
5254		0
5255		0
5256		15.75
5257		8
5258		8
5259		21
5260		24
5261		21.5
5262		9
5263		0
5264		8
5265		0
5266		40
5267		8
5268		14.75
5269		12
5270		8
5271		0
5272		21
5273		23.5
5274		0
5275		8
5276		8
5277		8.5
5278		8
5279		0
5280		18.6667
5281		22.5
5282		9
5283		0
5284		9.33333
5285		8
5286		40
5287		0
5288		18
5289		8
5290		8
5291		12
5292		22.5
5293		17.5
5294		6
5295		0
5296		8
5297		21.5
5298		9.33333
5299		0
5300		13
5301		12
5302		8
5303		0
5304		16.3333
5305		0
5306		0
5307		18.6667
5308		9.66667
5309		12
5310		36
5311		0
5312		8
5313		24
5314		8.2
5315		0
5316		22.3333
5317		8.33333
5318		8
5319		0
5320		15.5
5321		14
5322		8
5323		17.5
5324		7.75
5325		23.5
5326		24
5327		0
5328		10.3333
5329		7.66667
5330		27
5331		8.5
5332		18.75
5333		8
5334		8.5
5335		42
5336		7
5337		8.5
5338		7.33333
5339		19
5340		7
5341		21.3333
5342		8
5343		0
5344		16.25
5345		11.6667
5346		11
5347		8
5348		17.4286
5349		8
5350		0
5351		9
5352		16.25
5353		46
5354		8.75
5355		11
5356		8
5357		15
5358		6
5359		8
5360		7.33333
5361		20
5362		21.6667
5363		0
5364		13.6667
5365		8
5366		8
5367		0
5368		22.8
5369		8
5370		24.5
5371		9
5372		8
5373		8
5374		15
5375		10
5376		6
5377		23.5714
5378		0
5379		8
5380		6
5381		11
5382		7
5383		0
5384		13.7143
5385		8
5386		28.75
5387		0
5388		19.75
5389		8
5390		0
5391		11.5
5392		18
5393		8.4
5394		9.33333
5395		0
5396		8
5397		19
5398		7
5399		27
5400		19.25
5401		20.3333
5402		8.66667
5403		0
5404		13.5
5405		25.5
5406		8.5
5407		15
5408		9.5
5409		8.5
5410		41
5411		0
5412		20
5413		8.5
5414		7.66667
5415		8
5416		19.3333
5417		8
5418		35
5419		0
5420		18
5421		9
5422		11
5423		8.66667
5424		7.5
5425		18
5426		6
5427		0
5428		9.5
5429		15.75
5430		7.5
5431		8
5432		15.75
5433		8
5434		18
5435		0
5436		7
5437		8
5438		27
5439		7
5440		7.2
5441		14.25
5442		0
5443		17
5444		8
5445		24.5
5446		7
5447		7
5448		17.3333
5449		8
5450		9
5451		8
5452		25.5
5453		7.5
5454		8.6
5455		27
5456		19.3333
5457		19
5458		8
5459		32
5460		13.6
5461		8.75
5462		8
5463		0
5464		19
5465		15.4
5466		0
5467		7.5
5468		9.2
5469		24
5470		8.5
5471		14
5472		8
5473		16.3333
5474		19.75
5475		0
5476		14.2
5477		8
5478		7
5479		12
5480		17.5
5481		11.5
5482		10
5483		0
5484		12
5485		19
5486		18
5487		19
5488		14.5
5489		10
5490		0
5491		0
5492		42
5493		18.6667
5494		12
5495		10
5496		19.3333
5497		14
5498		9
5499		0
5500		18.3333
5501		19.75
5502		9.25
5503		35
5504		8.5
5505		37
5506		24.5
5507		7
5508		13
5509		7.5
5510		14
5511		10
5512		19
5513		8
5514		22
5515		41
5516		7.5
5517		9
5518		16.5
5519		8
5520		21.5
5521		7.5
5522		0
5523		17
5524		17.2
5525		20.3333
5526		9
5527		21.5
5528		8
5529		7.5
5530		0
5531		0
5532		11
5533		21.2
5534		28
5535		8
5536		8
5537		8
5538		0
5539		15
5540		12.6667
5541		28.5
5542		28.5
5543		0
5544		7
5545		6
5546		22.5
5547		7
5548		19.75
5549		8
5550		30.5
5551		0
5552		8
5553		18
5554		8
5555		28
5556		7.8
5557		15
5558		7
5559		0
5560		18.3333
5561		20
5562		0
5563		0
5564		19.25
5565		9
5566		10
5567		0
5568		26
5569		19.6667
5570		0
5571		53
5572		8.33333
5573		8
5574		24.5
5575		0
5576		25
5577		8
5578		8.33333
5579		0
5580		18.75
5581		8
5582		55
5583		41
5584		17.3333
5585		8.33333
5586		7.5
5587		0
5588		7.33333
5589		23.5
5590		9
5591		17
5592		18
5593		25
5594		0
5595		9
5596		17.75
5597		8
5598		7
5599		0
5600		12.5
5601		20.6667
5602		33
5603		8
5604		7
5605		0
5606		9
5607		6
5608		21.8
5609		13
5610		0
5611		9
5612		9.5
5613		18
5614		20.3333
5615		13
5616		8
5617		14.6
5618		8
5619		0
5620		7
5621		27.5
5622		8
5623		0
5624		13.6667
5625		8
5626		8
5627		6
5628		45
5629		9
5630		25
5631		7
5632		7.2
5633		8
5634		24.5
5635		0
5636		12
5637		20
5638		7
5639		0
5640		9
5641		15
5642		9.5
5643		0
5644		27
5645		9
5646		8.5
5647		11.5
5648		16.4286
5649		10
5650		11
5651		0
5652		28.5
5653		7
5654		24
5655		8
5656		9.75
5657		9.5
5658		12
5659		6
5660		8
5661		15.5
5662		18
5663		25.3333
5664		7.4
5665		11
5666		7
5667		8
5668		18.6667
5669		18
5670		9
5671		8
5672		13
5673		8
5674		15.75
5675		7
5676		20.6667
5677		7.5
5678		0
5679		10
5680		7.33333
5681		25.5
5682		18.6667
5683		0
5684		8
5685		7.33333
5686		0
5687		0
5688		19
5689		19
5690		8
5691		0
5692		18
5693		8
5694		10.5
5695		22.6667
5696		19.3333
5697		0
5698		8
5699		0
5700		7
5701		19.6667
5702		23.5
5703		8
5704		0
5705		8.5
5706		11
5707		0
5708		14
5709		18.6667
5710		8
5711		0
5712		8
5713		0
5714		19
5715		6
5716		14
5717		12
5718		0
5719		0
5720		6
5721		19.6667
5722		40
5723		0
5724		10.5
5725		8
5726		0
5727		0
5728		15.8
5729		24
5730		11
5731		0
5732		16
5733		8.5
5734		29.5
5735		13
5736		13
5737		14
5738		8
5739		0
5740		39
5741		8
5742		18.6667
5743		9
5744		14.4
5745		8.25
5746		20
5747		0
5748		34
5749		9
5750		7.66667
5751		28.5
5752		7.75
5753		11
5754		8
5755		0
5756		7.5
5757		22.25
5758		6
5759		0
5760		14.6667
5761		9.66667
5762		10
5763		0
5764		20.2
5765		7.66667
5766		0
5767		29
5768		8.4
5769		8
5770		28.6667
5771		0
5772		9.33333
5773		11.5
5774		8
5775		0
5776		14.75
5777		18.3333
5778		34
5779		43
5780		8
5781		7.5
5782		8.75
5783		0
5784		13.6
5785		8
5786		0
5787		17
5788		25.75
5789		18.3333
5790		8
5791		7
5792		14.75
5793		8.66667
5794		7.33333
5795		7
5796		17
5797		25.75
5798		0
5799		0
5800		8.57143
5801		8
5802		8
5803		27.5
5804		40.5
5805		9
5806		9.33333
5807		7
5808		8
5809		9.66667
5810		43
5811		0
5812		8.75
5813		8.75
5814		7
5815		0
5816		13.6
5817		17.25
5818		0
5819		51
5820		10.5
5821		8
5822		8
5823		0
5824		17.25
5825		17.5
5826		18.6
5827		7
5828		8
5829		8.5
5830		8
5831		43
5832		12.5714
5833		9.25
5834		7
5835		9.5
5836		0
5837		8
5838		23
5839		6
5840		8
5841		17.8
5842		9.5
5843		0
5844		40
5845		25.5
5846		8
5847		7
5848		8.16667
5849		8
5850		0
5851		7
5852		41
5853		25.5
5854		6.5
5855		15
5856		8
5857		7
5858		41
5859		0
5860		25
5861		8
5862		8
5863		8
5864		11
5865		10.5
5866		42
5867		42
5868		7.66667
5869		10
5870		0
5871		0
5872		18.6667
5873		25
5874		7.5
5875		0
5876		16.25
5877		8.5
5878		0
5879		0
5880		25
5881		8
5882		8.25
5883		0
5884		8
5885		16.25
5886		42
5887		0
5888		7.25
5889		10
5890		8
5891		10
5892		18.3333
5893		24
5894		8.5
5895		0
5896		9.25
5897		9
5898		40
5899		9
5900		19
5901		0
5902		8.75
5903		0
5904		19.3333
5905		9.25
5906		40
5907		7.5
5908		22
5909		10
5910		11
5911		0
5912		15
5913		15.25
5914		8.5
5915		6
5916		9.25
5917		9
5918		0
5919		9
5920		19.25
5921		14.5
5922		9.5
5923		11
5924		7
5925		8.5
5926		23
5927		21.5
5928		7
5929		12
5930		10.25
5931		0
5932		8
5933		18.3333
5934		37
5935		0
5936		10.7143
5937		7.5
5938		7.5
5939		7.5
5940		28.3333
5941		11
5942		10.25
5943		6.5
5944		17
5945		10.75
5946		10
5947		24.5
5948		7.66667
5949		10
5950		0
5951		7
5952		11
5953		28.6667
5954		7
5955		13
5956		13.3333
5957		8
5958		9
5959		0
5960		7.5
5961		12.3333
5962		22
5963		8
5964		7
5965		8
5966		12
5967		0
5968		22.4
5969		9.2
5970		8
5971		10
5972		9
5973		0
5974		6.66667
5975		42
5976		9
5977		19
5978		8
5979		8
5980		7.66667
5981		26.5
5982		9
5983		0
5984		20
5985		8.25
5986		10.5
5987		6
5988		18.3333
5989		9
5990		30
5991		0
5992		7.6
5993		12.6667
5994		15.75
5995		6
5996		9.33333
5997		19.6667
5998		6
5999		0
6000		11.6667
6001		16.25
6002		9.33333
6003		11.5
6004		19
6005		8
6006		7.75
6007		39
6008		16.75
6009		9.57143
6010		0
6011		7
6012		21.5
6013		7
6014		8
6015		7.5
6016		15.8333
6017		8.33333
6018		0
6019		11.5
6020		10
6021		37
6022		14.1429
6023		0
6024		9.25
6025		15
6026		9.5
6027		0
6028		17
6029		16.2
6030		8
6031		7
6032		20.3333
6033		7.33333
6034		0
6035		30
6036		20
6037		8.5
6038		6
6039		7.5
6040		9
6041		20.3333
6042		9.33333
6043		7
6044		16.75
6045		8
6046		8.5
6047		7
6048		12.8
6049		8
6050		7.5
6051		7
6052		8
6053		46
6054		8
6055		0
6056		7.33333
6057		15
6058		15.5
6059		8
6060		44
6061		10
6062		0
6063		0
6064		15.75
6065		8
6066		20.6667
6067		8.33333
6068		8.66667
6069		0
6070		39
6071		0
6072		8
6073		16.5
6074		8.33333
6075		8
6076		8
6077		18.6667
6078		0
6079		0
6080		14.4
6081		8
6082		8
6083		11
6084		24.5
6085		8
6086		25.5
6087		7
6088		14.2
6089		10.6667
6090		8.5
6091		8
6092		22.5
6093		23.5
6094		8
6095		8
6096		9.2
6097		17
6098		7
6099		10.5
6100		18.6667
6101		8.66667
6102		0
6103		9
6104		8
6105		9.66667
6106		22
6107		41
6108		9
6109		0
6110		0
6111		0
6112		13.8333
6113		19.3333
6114		8.5
6115		11
6116		14.5
6117		9
6118		6
6119		0
6120		8
6121		10.8571
6122		21.6667
6123		8.5
6124		7.5
6125		37
6126		0
6127		8
6128		12.6667
6129		7.5
6130		0
6131		28
6132		15.75
6133		0
6134		7.25
6135		42
6136		8
6137		9.2
6138		28
6139		7
6140		6
6141		21.6
6142		8
6143		0
6144		10.6667
6145		0
6146		8
6147		13.5
6148		14.8
6149		7.5
6150		24.5
6151		0
6152		18.6667
6153		13.25
6154		12.5
6155		0
6156		16.75
6157		18.6667
6158		6
6159		8
6160		10
6161		17.3333
6162		0
6163		24
6164		7.66667
6165		0
6166		7
6167		6
6168		22
6169		16.4
6170		7.66667
6171		0
6172		13.75
6173		9
6174		8
6175		8
6176		16.8333
6177		9
6178		8
6179		30
6180		7.5
6181		29
6182		23.5
6183		0
6184		8.75
6185		29
6186		9
6187		8
6188		13.75
6189		23.5
6190		8.66667
6191		0
6192		29
6193		8.33333
6194		18
6195		6
6196		18.6667
6197		9.66667
6198		7
6199		9
6200		7.5
6201		16
6202		24
6203		40
6204		8.25
6205		7.5
6206		0
6207		8
6208		25.25
6209		18.6667
6210		6
6211		15
6212		8
6213		13
6214		16.3333
6215		7
6216		8
6217		17
6218		28.5
6219		0
6220		19
6221		8
6222		8
6223		35
6224		14.5
6225		8
6226		8
6227		48
6228		8
6229		14
6230		6.5
6231		42
6232		18
6233		9.25
6234		49
6235		0
6236		22
6237		17
6238		8
6239		0
6240		13.6667
6241		0
6242		8
6243		19
6244		9.33333
6245		18.3333
6246		24.5
6247		0
6248		8
6249		13.5
6250		12.3333
6251		0
6252		30.3333
6253		8.33333
6254		0
6255		8
6256		14
6257		10.5
6258		8
6259		24
6260		7.66667
6261		17.6667
6262		7
6263		0
6264		9.5
6265		16.4
6266		7.5
6267		6
6268		18
6269		8
6270		7
6271		0
6272		22.75
6273		8.33333
6274		8
6275		23
6276		9.33333
6277		10
6278		18.3333
6279		0
6280		8
6281		32.6667
6282		10
6283		8
6284		11
6285		39
6286		10.5
6287		9
6288		22.4
6289		8
6290		11
6291		6
6292		28.3333
6293		8.5
6294		7
6295		8
6296		8
6297		12.3333
6298		24.3333
6299		40
6300		9.33333
6301		24
6302		0
6303		8
6304		15.1429
6305		24
6306		8
6307		15
6308		7.5
6309		8
6310		21.3333
6311		0
6312		8
6313		17.75
6314		18
6315		0
6316		21
6317		9.66667
6318		8
6319		0
6320		15.25
6321		8
6322		8
6323		27.5
6324		11
6325		20.6667
6326		8
6327		24.5
6328		8
6329		9
6330		32
6331		8
6332		18.25
6333		28.6667
6334		8
6335		0
6336		22
6337		12
6338		13.3333
6339		19
6340		8
6341		8
6342		19
6343		16
6344		10.6667
6345		20.3333
6346		13.5
6347		0
6348		19.6667
6349		8
6350		17
6351		8
6352		15
6353		8.33333
6354		9
6355		19
6356		8
6357		13
6358		16
6359		0
6360		8
6361		15
6362		7.5
6363		8
6364		18.75
6365		7
6366		8
6367		0
6368		14.2
6369		18.3333
6370		18.5
6371		28
6372		8
6373		18
6374		23.5
6375		0
6376		7.5
6377		29
6378		8.66667
6379		7.33333
6380		17
6381		27
6382		8
6383		0
6384		17.5
6385		7.5
6386		7
6387		10.5
6388		21.75
6389		8
6390		11
6391		0
6392		7.66667
6393		10.75
6394		17
6395		24
6396		8
6397		21
6398		8
6399		8
6400		9.5
6401		16
6402		0
6403		15
6404		18.25
6405		7.5
6406		8.5
6407		7
6408		8
6409		11
6410		21.5
6411		7
6412		7.5
6413		23.5
6414		8
6415		8
6416		15.6
6417		13
6418		8
6419		28
6420		13
6421		0
6422		6
6423		42
6424		16.5
6425		8.66667
6426		17.5
6427		8.5
6428		8
6429		41.5
6430		16.5
6431		0
6432		11.4
6433		9
6434		7.66667
6435		13.5
6436		19
6437		17
6438		24.5
6439		0
6440		16
6441		13.5
6442		12.5
6443		6
6444		36.3333
6445		8.5
6446		12
6447		7.5
6448		9.2
6449		23
6450		27
6451		18.6667
6452		10
6453		9
6454		7.33333
6455		8
6456		7.25
6457		19
6458		22.5
6459		0
6460		7.5
6461		0
6462		8.33333
6463		0
6464		18.125
6465		7.66667
6466		9
6467		13.6667
6468		6
6469		0
6470		21
6471		0
6472		8
6473		17
6474		10
6475		8
6476		7.66667
6477		34.5
6478		7
6479		0
6480		16.8
6481		8
6482		7.5
6483		6
6484		35.5
6485		8
6486		7.66667
6487		7
6488		8
6489		19.25
6490		18.5
6491		24.5
6492		8
6493		8
6494		0
6495		8
6496		12.375
6497		22
6498		0
6499		19
6500		7
6501		8
6502		14
6503		6
6504		22.25
6505		9.33333
6506		31
6507		0
6508		7
6509		16.5
6510		22.25
6511		0
6512		8.8
6513		0
6514		8
6515		8.5
6516		18.25
6517		21
6518		8
6519		42
6520		24
6521		9
6522		20.3333
6523		10.5
6524		21.5
6525		9
6526		0
6527		0
6528		17.1429
6529		14.75
6530		21.5
6531		0
6532		8
6533		8
6534		0
6535		16
6536		13.8
6537		28.2
6538		9.33333
6539		0
6540		8
6541		6
6542		23.5
6543		6
6544		10.125
6545		9
6546		21.6667
6547		9
6548		16
6549		7.5
6550		11.5
6551		30
6552		21.3333
6553		8
6554		9.5
6555		8
6556		7.33333
6557		20.6667
6558		30.5
6559		0
6560		7.66667
6561		22.3333
6562		8.5
6563		0
6564		16
6565		8
6566		8.5
6567		42
6568		16.25
6569		8
6570		51
6571		9
6572		8.33333
6573		8.375
6574		24.5
6575		0
6576		28
6577		40
6578		0
6579		8
6580		7.57143
6581		8
6582		8
6583		7
6584		24.5
6585		28
6586		6
6587		0
6588		8.2
6589		18.5
6590		18.6667
6591		0
6592		46
6593		8
6594		8.66667
6595		7
6596		14.5
6597		16
6598		46
6599		7
6600		6
6601		10
6602		0
6603		8
6604		16.25
6605		13.6667
6606		6
6607		0
6608		19.6667
6609		0
6610		27
6611		7
6612		14.2
6613		8
6614		18
6615		0
6616		6
6617		7.66667
6618		25
6619		24.5
6620		15.25
6621		7.5
6622		8
6623		0
6624		7.33333
6625		20.4
6626		11
6627		0
6628		9.25
6629		8
6630		6
6631		7
6632		15.25
6633		8
6634		15.75
6635		10
6636		8
6637		6.5
6638		40
6639		8
6640		23
6641		8
6642		7
6643		0
6644		14.25
6645		20.3333
6646		12
6647		0
6648		8
6649		8
6650		6
6651		0
6652		18.6667
6653		24
6654		10.5
6655		0
6656		8.5
6657		0
6658		24
6659		7
6660		18.6667
6661		0
6662		8
6663		0
6664		23.5
6665		19.6667
6666		0
6667		8
6668		12
6669		20.6667
6670		12
6671		0
6672		15.2
6673		8
6674		0
6675		0
6676		9
6677		7.5
6678		21.4
6679		15
6680		0
6681		8.5
6682		0
6683		7
6684		16.5
6685		16.8
6686		11.8
6687		6
6688		18.5
6689		8
6690		6
6691		24
6692		13
6693		14.2
6694		8
6695		11.5
6696		0
6697		8
6698		8.75
6699		41
6700		16.5
6701		13.3333
6702		10.3333
6703		0
6704		7
6705		40
6706		17.75
6707		7
6708		8.6
6709		8
6710		0
6711		13.5
6712		8
6713		43
6714		25
6715		8
6716		8
6717		9.42857
6718		13.5
6719		0
6720		30.3333
6721		0
6722		10
6723		0
6724		10.8333
6725		8
6726		8
6727		24.5
6728		8
6729		45
6730		6.66667
6731		6
6732		8
6733		16.4
6734		7
6735		0
6736		16.5
6737		7.5
6738		8
6739		8
6740		20.6
6741		8
6742		0
6743		21
6744		8
6745		8
6746		23.5
6747		0
6748		8
6749		38
6750		10
6751		8
6752		8.33333
6753		39
6754		8
6755		0
6756		23.25
6757		8
6758		6
6759		6
6760		40
6761		8
6762		6
6763		7
6764		8
6765		11
6766		18
6767		40
6768		8.66667
6769		42
6770		0
6771		8
6772		13.25
6773		18.6667
6774		0
6775		15
6776		19.3333
6777		8
6778		8
6779		0
6780		18.6667
6781		13
6782		28.5
6783		0
6784		7.66667
6785		36
6786		0
6787		0
6788		13.4286
6789		8
6790		8
6791		22
6792		14.2
6793		0
6794		6
6795		42
6796		0
6797		9
6798		21
6799		0
6800		9
6801		41
6802		0
6803		0
6804		10.5
6805		7.5
6806		8
6807		19
6808		7.66667
6809		0
6810		30
6811		0
6812		8
6813		9.33333
6814		6
6815		0
6816		26.25
6817		0
6818		16.3333
6819		8.5
6820		12.2
6821		8
6822		8
6823		24
6824		0
6825		27
6826		8
6827		7
6828		7.75
6829		28
6830		0
6831		0
6832		21.6667
6833		0
6834		9.33333
6835		7
6836		19.1667
6837		16.5
6838		0
6839		0
6840		11
6841		18
6842		28.5
6843		12
6844		8
6845		19.75
6846		0
6847		11
6848		8
6849		15.75
6850		14
6851		0
6852		13.1667
6853		12
6854		18.5
6855		8
6856		25
6857		8
6858		0
6859		0
6860		9.2
6861		11.1667
6862		12
6863		18.3333
6864		8
6865		35
6866		9.5
6867		0
6868		7.66667
6869		24
6870		7.33333
6871		0
6872		17
6873		11
6874		7
6875		0
6876		17.6667
6877		20.3333
6878		8
6879		9
6880		11.5
6881		8.25
6882		24
6883		8
6884		7.5
6885		38
6886		23
6887		8
6888		9
6889		23
6890		0
6891		8
6892		8
6893		18.4
6894		19.3333
6895		0
6896		24
6897		8
6898		0
6899		9.33333
6900		16
6901		8
6902		15.25
6903		0
6904		24.5
6905		6
6906		11
6907		7.5
6908		9
6909		19.3333
6910		9.5
6911		0
6912		7
6913		17
6914		0
6915		10
6916		14.4
6917		8
6918		7.33333
6919		0
6920		17.3333
6921		8
6922		20
6923		8
6924		8
6925		7.33333
6926		20.75
6927		7
6928		8.75
6929		18
6930		7
6931		18
6932		6.66667
6933		8
6934		8
6935		21.5
6936		17.5
6937		8
6938		7.5
6939		8
6940		11
6941		8.75
6942		20
6943		8
6944		18.25
6945		0
6946		8.33333
6947		10
6948		22.5
6949		14.2
6950		8
6951		8
6952		8.66667
6953		25
6954		0
6955		7
6956		15.75
6957		18
6958		8.5
6959		0
6960		9.33333
6961		8.5
6962		23.5
6963		19
6964		16
6965		7.66667
6966		10
6967		7
6968		7.33333
6969		29
6970		8
6971		10
6972		7.2
6973		0
6974		7.5
6975		0
6976		19.4
6977		9
6978		8.33333
6979		0
6980		18.6667
6981		8.33333
6982		0
6983		25
6984		6
6985		17.5
6986		0
6987		9.5
6988		8.75
6989		19.3333
6990		0
6991		8
6992		7.66667
6993		0
6994		15.25
6995		0
6996		15.5
6997		9.5
6998		0
6999		0
7000		17
7001		19
7002		24
7003		8
7004		9.33333
7005		8
7006		0
7007		0
7008		13.1667
7009		28.6667
7010		8
7011		0
7012		8
7013		0
7014		10
7015		6
7016		28.6667
7017		8.4
7018		0
7019		0
7020		9
7021		36
7022		23
7023		8
7024		7.8
7025		7.5
7026		32
7027		24
7028		8
7029		31.6667
7030		8
7031		0
7032		11
7033		9.83333
7034		31
7035		26
7036		41
7037		0
7038		16
7039		0
7040		8.6
7041		9.33333
7042		40.5
7043		13
7044		8
7045		7
7046		7
7047		0
7048		32.3333
7049		7
7050		0
7051		10
7052		16.6667
7053		8
7054		19
7055		7
7056		8
7057		24
7058		10
7059		8.33333
7060		7
7061		22
7062		0
7063		0
7064		15.25
7065		7
7066		26
7067		15
7068		0
7069		26.6667
7070		0
7071		0
7072		14.8
7073		10
7074		40
7075		8
7076		21.25
7077		23
7078		9
7079		24
7080		8
7081		28
7082		29
7083		0
7084		12
7085		11.6667
7086		28.5
7087		45
7088		21.5
7089		7.5
7090		8
7091		19
7092		8.2
7093		8
7094		45
7095		0
7096		8
7097		18
7098		7
7099		0
7100		19.6667
7101		7.66667
7102		15
7103		0
7104		13.8
7105		8
7106		8
7107		7
7108		25.6
7109		25.5
7110		0
7111		9
7112		13.4
7113		8
7114		7
7115		0
7116		20
7117		24.5
7118		6
7119		8
7120		8
7121		38
7122		20.6667
7123		7
7124		18.5
7125		8
7126		0
7127		0
7128		22.5
7129		18.6667
7130		10
7131		7
7132		8
7133		9.66667
7134		8
7135		0
7136		19.3333
7137		18
7138		41.5
7139		8
7140		9.5
7141		8
7142		20
7143		6.5
7144		14.3333
7145		0
7146		8
7147		0
7148		8
7149		16
7150		16.2
7151		8
7152		0
7153		8.5
7154		75
7155		6
7156		16.75
7157		16.8
7158		14
7159		7.5
7160		7
7161		0
7162		40
7163		38
7164		8.71429
7165		15
7166		0
7167		8
7168		0
7169		16.75
7170		28
7171		0
7172		15.6
7173		8.5
7174		11
7175		11
7176		17.75
7177		11.3333
7178		8
7179		62
7180		8
7181		26
7182		24
7183		8
7184		10.5
7185		16.1667
7186		10
7187		0
7188		13.5
7189		0
7190		19.5
7191		19.6667
7192		11.3333
7193		7
7194		8.5
7195		47
7196		27
7197		7
7198		8
7199		0
7200		17.75
7201		11.1429
7202		11
7203		0
7204		21.6667
7205		28
7206		15
7207		7
7208		11.3333
7209		17.75
7210		8
7211		11
7212		21.6667
7213		0
7214		8
7215		8
7216		8
7217		19.25
7218		28.5
7219		0
7220		9
7221		27.3333
7222		0
7223		0
7224		33.5
7225		8
7226		31.5
7227		7
7228		17.5
7229		8.5
7230		0
7231		13
7232		15.75
7233		47
7234		8.33333
7235		8
7236		8
7237		8
7238		0
7239		0
7240		9.75
7241		16
7242		35.3333
7243		0
7244		8
7245		0
7246		0
7247		14
7248		16.6667
7249		7.75
7250		7
7251		0
7252		0
7253		0
7254		14.4
7255		26.5
7256		23
7257		7.8
7258		10
7259		0
7260		6
7261		25.5
7262		7.5
7263		30.5
7264		7.75
7265		8.33333
7266		0
7267		0
7268		26.75
7269		8
7270		7
7271		0
7272		8.6
7273		8
7274		25.8
7275		7
7276		8
7277		15.4
7278		6
7279		11
7280		7.33333
7281		15
7282		8
7283		8.5
7284		25
7285		7.33333
7286		8
7287		0
7288		20.4
7289		7
7290		26
7291		0
7292		10
7293		8
7294		22.5
7295		7
7296		10.2
7297		30.25
7298		8
7299		0
7300		0
7301		19.3333
7302		8
7303		8
7304		24.6
7305		8
7306		0
7307		0
7308		40
7309		8
7310		7.5
7311		55
7312		7.8
7313		13.5
7314		8
7315		41
7316		6
7317		25.5
7318		6
7319		8
7320		23.3333
7321		16
7322		0
7323		0
7324		17.25
7325		8
7326		9
7327		19
7328		7
7329		17.75
7330		42
7331		7
7332		7.33333
7333		0
7334		7
7335		0
7336		20.1667
7337		7
7338		8
7339		8
7340		8
7341		11
7342		30
7343		24.5
7344		8
7345		15.1667
7346		0
7347		0
7348		9.33333
7349		18.6667
7350		0
7351		0
7352		24.6
7353		8
7354		8
7355		0
7356		19
7357		8
7358		11.5
7359		55
7360		7.5
7361		44
7362		19
7363		0
7364		10
7365		7.6
7366		0
7367		0
7368		17.4
7369		8
7370		9
7371		25
7372		25
7373		8
7374		18.3333
7375		0
7376		14
7377		9.33333
7378		0
7379		12.5
7380		16.5
7381		29.3333
7382		8
7383		0
7384		8.28571
7385		6
7386		0
7387		0
7388		26.5
7389		17.5
7390		21
7391		0
7392		8.8
7393		8.5
7394		0
7395		15
7396		7
7397		25.5
7398		21.6667
7399		0
7400		10
7401		7
7402		0
7403		0
7404		21.5
7405		12
7406		22.3333
7407		9
7408		10
7409		8
7410		19.3333
7411		28
7412		7.33333
7413		13.3333
7414		8
7415		8
7416		38
7417		17
7418		7.5
7419		6
7420		24.2
7421		0
7422		11.5
7423		8
7424		17.25
7425		21.5
7426		8
7427		26
7428		8
7429		8
7430		16.25
7431		8
7432		16.6667
7433		7.5
7434		0
7435		0
7436		11.6667
7437		9.2
7438		30
7439		41
7440		10
7441		8.5
7442		8
7443		0
7444		7.83333
7445		22
7446		8
7447		13
7448		21.3333
7449		11.6667
7450		6
7451		0
7452		17.6667
7453		8.5
7454		6.5
7455		8
7456		12
7457		18
7458		25
7459		0
7460		7.75
7461		0
7462		8
7463		19
7464		30.6667
7465		8.5
7466		8
7467		0
7468		8
7469		24
7470		37
7471		8
7472		8.25
7473		10.3333
7474		6
7475		0
7476		17.5
7477		27
7478		6
7479		20.5
7480		35
7481		8
7482		8
7483		0
7484		18.1667
7485		15
7486		8.5
7487		0
7488		9
7489		19.5
7490		0
7491		43
7492		7.4
7493		19
7494		0
7495		9.5
7496		8
7497		16.25
7498		0
7499		0
7500		12.4
7501		14
7502		8
7503		0
7504		25.3333
7505		8
7506		0
7507		7
7508		7.28571
7509		9
7510		24
7511		7
7512		8
7513		14.75
7514		6
7515		0
7516		8.4
7517		15.25
7518		31
7519		8
7520		16
7521		8
7522		7.66667
7523		0
7524		12.6667
7525		8.5
7526		33
7527		34
7528		7.5
7529		7.5
7530		22.5
7531		0
7532		16.3333
7533		13.75
7534		9.5
7535		7
7536		19.5
7537		24
7538		8
7539		0
7540		15.5
7541		8
7542		8
7543		7
7544		24
7545		8
7546		6
7547		0
7548		8
7549		14.6
7550		23.5
7551		41
7552		0
7553		0
7554		0
7555		8
7556		15.4286
7557		24
7558		0
7559		15
7560		21.5
7561		0
7562		0
7563		0
7564		10.4
7565		14.8
7566		28.5
7567		0
7568		8
7569		34
7570		0
7571		0
7572		15.6
7573		9
7574		8
7575		46
7576		18.3333
7577		0
7578		7.5
7579		24
7580		8.75
7581		9.66667
7582		35
7583		0
7584		7
7585		24.25
7586		8
7587		0
7588		8.42857
7589		9
7590		0
7591		25.5
7592		18.3333
7593		0
7594		19.3333
7595		8
7596		22.5
7597		9.8
7598		46
7599		8
7600		19
7601		9
7602		8
7603		0
7604		10
7605		24
7606		8
7607		24
7608		7.66667
7609		13
7610		6
7611		0
7612		8
7613		16.4
7614		19.6667
7615		0
7616		8
7617		8
7618		8
7619		0
7620		16.8571
7621		8
7622		0
7623		37
7624		19
7625		0
7626		23.5
7627		0
7628		15.5
7629		35
7630		8
7631		8
7632		8.5
7633		39
7634		8
7635		0
7636		22
7637		19
7638		8
7639		6
7640		40
7641		8
7642		6
7643		0
7644		13.8
7645		12.5
7646		32
7647		40
7648		8
7649		0
7650		0
7651		8
7652		17
7653		19
7654		0
7655		15
7656		0
7657		0
7658		8
7659		0
7660		12.125
7661		17
7662		28.5
7663		0
7664		0
7665		0
7666		19.3333
7667		0
7668		14.3333
7669		8.66667
7670		8
7671		48
7672		23.5
7673		9.5
7674		7
7675		42
7676		23
7677		9
7678		49
7679		0
7680		9.16667
7681		32.6667
7682		8
7683		7
7684		15
7685		32
7686		9
7687		19
7688		8
7689		8.66667
7690		19
7691		0
7692		20.5
7693		13
7694		13.5
7695		0
7696		17.5
7697		8
7698		19.5
7699		8
7700		8.75
7701		0
7702		28
7703		19
7704		8
7705		17.6667
7706		7.5
7707		7
7708		8
7709		19.25
7710		7
7711		8
7712		21
7713		7.5
7714		11
7715		8
7716		15.75
7717		7
7718		21.5
7719		24.3333
7720		8
7721		7
7722		24.5
7723		7
7724		8
7725		34.3333
7726		10
7727		0
7728		12.3333
7729		18.3333
7730		11.5
7731		8
7732		27.75
7733		8
7734		0
7735		8
7736		22.75
7737		8
7738		7
7739		0
7740		8
7741		17.5
7742		25
7743		24
7744		8
7745		9
7746		0
7747		8
7748		16.8571
7749		16
7750		9
7751		15
7752		33
7753		8
7754		10
7755		7
7756		8
7757		15.2
7758		21.6667
7759		0
7760		10
7761		36
7762		7
7763		0
7764		14.3333
7765		15.25
7766		8
7767		47
7768		8
7769		0
7770		7.5
7771		25.5
7772		16.6667
7773		9
7774		25
7775		0
7776		8.5
7777		41
7778		17
7779		8
7780		12
7781		0
7782		8
7783		19
7784		17
7785		7
7786		24.5
7787		0
7788		13
7789		16.5
7790		19
7791		0
7792		16.5
7793		20.5
7794		0
7795		8
7796		9.6
7797		15.6667
7798		0
7799		24
7800		7.66667
7801		8
7802		7.66667
7803		0
7804		15.3333
7805		16.4
7806		6.5
7807		0
7808		7
7809		10
7810		8
7811		0
7812		12.8333
7813		17
7814		0
7815		36.5
7816		8
7817		8
7818		23.5
7819		0
7820		12.1667
7821		61
7822		10
7823		8
7824		16.6667
7825		23.5
7826		8
7827		0
7828		15.2857
7829		20
7830		0
7831		6
7832		40
7833		8.5
7834		7.5
7835		0
7836		14
7837		11
7838		36
7839		40
7840		8
7841		8
7842		8
7843		8
7844		18.2
7845		23
7846		0
7847		15
7848		9
7849		0
7850		8
7851		0
7852		17.6667
7853		15.2
7854		28.5
7855		0
7856		21.5
7857		12
7858		0
7859		0
7860		14.3333
7861		8.5
7862		8
7863		48
7864		9.66667
7865		38
7866		7.5
7867		42
7868		8
7869		9
7870		31
7871		7
7872		23.5
7873		19
7874		8.5
7875		0
7876		14.4
7877		14
7878		18
7879		13
7880		7.5
7881		8
7882		19
7883		0
7884		9.25
7885		19.5
7886		19
7887		8
7888		25.5
7889		11
7890		9
7891		8
7892		14.8333
7893		8
7894		0
7895		24
7896		6
7897		12
7898		15.75
7899		9
7900		7.75
7901		16.4
7902		7
7903		0
7904		21.3333
7905		7.5
7906		7
7907		0
7908		17.8333
7909		8
7910		11.5
7911		27
7912		16.3333
7913		8
7914		15.75
7915		0
7916		8
7917		29.5
7918		9
7919		8.33333
7920		8.25
7921		37.5
7922		8
7923		0
7924		18.75
7925		9.33333
7926		8
7927		6
7928		23.25
7929		8
7930		10.3333
7931		6
7932		17
7933		11
7934		20.6667
7935		24
7936		7
7937		20.3333
7938		0
7939		8
7940		14
7941		18.6667
7942		10
7943		10.5
7944		14
7945		12.5
7946		22.5
7947		0
7948		8
7949		9.75
7950		18.4
7951		8
7952		17.3333
7953		7.5
7954		0
7955		0
7956		14
7957		12.3333
7958		7
7959		20
7960		8
7961		24
7962		6
7963		24.5
7964		13
7965		8.83333
7966		11.6667
7967		6
7968		24
7969		41
7970		12.3333
7971		0
7972		7
7973		7.5
7974		18.3333
7975		19
7976		9.8
7977		15.5
7978		43
7979		0
7980		24.5
7981		7.4
7982		6.66667
7983		11
7984		18.4
7985		12
7986		8
7987		0
7988		8
7989		16.75
7990		13
7991		18.6667
7992		9.66667
7993		0
7994		12
7995		9
7996		25
7997		20.25
7998		0
7999		9
8000		9.25
8001		9
8002		8
8003		8
8004		21.6667
8005		17.25
8006		9
8007		8.5
8008		7.5
8009		8
8010		21
8011		0
8012		16.5
8013		6.5
8014		9
8015		8
8016		8.66667
8017		17.75
8018		26.5
8019		0
8020		7.33333
8021		8.5
8022		13
8023		21
8024		10
8025		20.6667
8026		0
8027		0
8028		8.66667
8029		7.25
8030		20.6667
8031		8
8032		18.75
8033		12.5
8034		9
8035		0
8036		20.2
8037		13.5
8038		11.5
8039		11
8040		7.75
8041		36
8042		8
8043		0
8044		11.3333
8045		14.2
8046		0
8047		8
8048		16.2
8049		11.6667
8050		11
8051		41
8052		16.6667
8053		8
8054		13
8055		21
8056		7.66667
8057		16.75
8058		24.5
8059		7
8060		12
8061		6.5
8062		0
8063		0
8064		20.4286
8065		7.83333
8066		7
8067		0
8068		33
8069		8
8070		12.6667
8071		8
8072		8
8073		19
8074		9
8075		0
8076		9
8077		16.5
8078		8
8079		8
8080		15
8081		25.6667
8082		8.5
8083		6
8084		20
8085		8
8086		21
8087		24.5
8088		15
8089		0
8090		9.66667
8091		7.5
8092		33
8093		15.75
8094		0
8095		0
8096		14.8
8097		12
8098		6
8099		7.66667
8100		42
8101		22
8102		19.3333
8103		10
8104		10
8105		8
8106		24.5
8107		8
8108		23
8109		7
8110		9.5
8111		0
8112		24.5
8113		14.4
8114		0
8115		0
8116		8
8117		9.66667
8118		19.5
8119		25
8120		7.66667
8121		8
8122		0
8123		0
8124		10
8125		13
8126		18.3333
8127		8
8128		11.5
8129		14.5
8130		10.5
8131		0
8132		19.8
8133		21
8134		11.5
8135		21
8136		7.25
8137		11.6667
8138		12
8139		22.5
8140		7.66667
8141		15.5
8142		0
8143		7
8144		16
8145		11.6667
8146		8
8147		24.5
8148		16.5
8149		6
8150		9.5
8151		25
8152		7.66667
8153		9.5
8154		18.6667
8155		0
8156		8
8157		17.6667
8158		40
8159		7.5
8160		19
8161		7
8162		8
8163		0
8164		26
8165		8
8166		11
8167		7.33333
8168		9
8169		18.75
8170		0
8171		0
8172		17.3333
8173		30
8174		14
8175		0
8176		19.6667
8177		9.66667
8178		0
8179		12
8180		23.6667
8181		21.6667
8182		21.3333
8183		0
8184		9
8185		0
8186		0
8187		11
8188		7.75
8189		33.3333
8190		18.5
8191		15
8192		0
8193		9
8194		0
8195		24.5
8196		21
8197		9
8198		8.5
8199		6
8200		27
8201		8
8202		0
8203		0
8204		17.2857
8205		9
8206		9
8207		29
8208		8
8209		38
8210		8
8211		7
8212		8
8213		15.6
8214		13
8215		7.5
8216		23.3333
8217		10.3333
8218		23
8219		8
8220		7
8221		7.5
8222		21.3333
8223		8.66667
8224		13.6
8225		8
8226		0
8227		0
8228		27
8229		8
8230		7.75
8231		8
8232		10.6667
8233		19.6667
8234		0
8235		0
8236		18
8237		14.2857
8238		9
8239		11
8240		14.2
8241		0
8242		0
8243		0
8244		9
8245		6.33333
8246		26.25
8247		14
8248		8.75
8249		14.5
8250		8.66667
8251		0
8252		44
8253		7.66667
8254		8
8255		8
8256		13.5
8257		9.66667
8258		24
8259		13
8260		8
8261		18.75
8262		6
8263		6
8264		11.6667
8265		15.5
8266		0
8267		0
8268		7.5
8269		12.5
8270		16.8
8271		8
8272		15.5
8273		8
8274		18
8275		14
8276		17.75
8277		8.8
8278		26
8279		7
8280		9
8281		7.25
8282		0
8283		26
8284		10.25
8285		22.25
8286		7
8287		8
8288		9.5
8289		25.5
8290		9.75
8291		15
8292		18.6667
8293		15
8294		9.5
8295		10
8296		7
8297		9.4
8298		46
8299		42
8300		0
8301		16.25
8302		7
8303		0
8304		17
8305		24
8306		9
8307		0
8308		8
8309		7
8310		15.8
8311		8.66667
8312		8
8313		32
8314		42
8315		0
8316		10
8317		12.2857
8318		8
8319		0
8320		18.5
8321		8
8322		46
8323		0
8324		15
8325		8.5
8326		15
8327		12
8328		21
8329		15
8330		14
8331		7
8332		8
8333		10.8
8334		7.5
8335		27
8336		7
8337		18.5
8338		0
8339		0
8340		7.66667
8341		43
8342		10.25
8343		9
8344		15.1429
8345		0
8346		0
8347		0
8348		7.66667
8349		15
8350		19.2857
8351		8
8352		0
8353		8
8354		0
8355		0
8356		15.4
8357		17.4
8358		19.3333
8359		0
8360		12
8361		0
8362		0
8363		13
8364		22.5714
8365		16.2
8366		8
8367		0
8368		39
8369		9.5
8370		12.6667
8371		8
8372		7.66667
8373		8
8374		34.5
8375		8
8376		9.5
8377		19.5
8378		0
8379		10
8380		19
8381		8.66667
8382		8
8383		24
8384		12.5
8385		42
8386		12
8387		27
8388		21.25
8389		8.5
8390		11.6667
8391		0
8392		22
8393		26
8394		0
8395		11
8396		20.3333
8397		15.4
8398		8
8399		7.5
8400		44
8401		20.3333
8402		0
8403		8
8404		12.6
8405		7.66667
8406		38.3333
8407		0
8408		8
8409		0
8410		16
8411		13
8412		7
8413		20.6667
8414		8
8415		15
8416		8
8417		28.25
8418		8
8419		23.5
8420		8.66667
8421		7.5
8422		11
8423		0
8424		43
8425		8
8426		11
8427		19
8428		32
8429		0
8430		8
8431		0
8432		8
8433		14
8434		8
8435		7.5
8436		9.8
8437		36.3333
8438		10
8439		0
8440		8
8441		8
8442		36
8443		8
8444		19.5
8445		8
8446		8
8447		0
8448		38
8449		25
8450		44
8451		7.5
8452		8
8453		0
8454		0
8455		0
8456		7.5
8457		30.6667
8458		33.5
8459		0
8460		8.5
8461		9
8462		0
8463		0
8464		31.6667
8465		17.2
8466		9
8467		10
8468		7.66667
8469		8
8470		42
8471		7
8472		7.5
8473		6
8474		23
8475		0
8476		13.8333
8477		40
8478		0
8479		0
8480		23.5
8481		8.4
8482		0
8483		48
8484		14.4
8485		37
8486		0
8487		0
8488		8.25
8489		20
8490		32
8491		0
8492		9.4
8493		9
8494		0
8495		0
8496		12.6
8497		8.4
8498		0
8499		28.5
8500		8
8501		8
8502		19.5
8503		0
8504		10.25
8505		19
8506		7.33333
8507		0
8508		19.75
8509		34
8510		7
8511		0
8512		20.6667
8513		8.33333
8514		8
8515		8.33333
8516		17
8517		59
8518		24.5
8519		0
8520		33
8521		12
8522		9.5
8523		8
8524		20.25
8525		19
8526		0
8527		0
8528		10
8529		21.5
8530		7
8531		55
8532		14.6
8533		15
8534		8
8535		0
8536		16
8537		0
8538		36
8539		24
8540		14.8
8541		9
8542		6
8543		0
8544		8
8545		19
8546		18.3333
8547		15
8548		8.2
8549		19.75
8550		0
8551		0
8552		7.66667
8553		23.5
8554		10.3333
8555		7
8556		15.1667
8557		8.33333
8558		0
8559		0
8560		21.75
8561		8
8562		6.5
8563		17
8564		8
8565		13.6667
8566		0
8567		42
8568		8
8569		0
8570		14.6667
8571		8
8572		13.8333
8573		8
8574		25
8575		0
8576		14.3333
8577		0
8578		0
8579		13.5
8580		8
8581		17
8582		0
8583		0
8584		8
8585		8
8586		11.3333
8587		0
8588		18.6
8589		8
8590		0
8591		0
8592		8
8593		0
8594		26
8595		8
8596		8
8597		29
8598		0
8599		0
8600		0
8601		26
8602		7
8603		8
8604		15
8605		0
8606		12
8607		0
8608		26.3333
8609		8
8610		8
8611		52
8612		7.5
8613		8.5
8614		25.6667
8615		0
8616		8
8617		9
8618		7
8619		0
8620		9.8
8621		32
8622		24.3333
8623		42
8624		0
8625		8
8626		0
8627		8
8628		12.6
8629		8
8630		0
8631		17
8632		28
8633		35
8634		7
8635		0
8636		8
8637		15.3333
8638		6.5
8639		0
8640		9.75
8641		27.6667
8642		0
8643		0
8644		7.25
8645		0
8646		8
8647		57
8648		19.8
8649		9
8650		8
8651		0
8652		8
8653		12
8654		36.3333
8655		0
8656		8.33333
8657		14.25
8658		0
8659		0
8660		9.5
8661		27
8662		8
8663		59
8664		20
8665		8
8666		0
8667		0
8668		23
8669		12
8670		23.3333
8671		0
8672		8
8673		19.5
8674		0
8675		43
8676		8.8
8677		9
8678		0
8679		9.5
8680		19
8681		8
8682		23.5
8683		0
8684		9.33333
8685		20.25
8686		16.6667
8687		0
8688		17
8689		0
8690		8.5
8691		0
8692		21.6667
8693		14.25
8694		8
8695		7
8696		8.66667
8697		28
8698		8
8699		6
8700		16
8701		10
8702		31.5
8703		0
8704		20.8
8705		8
8706		0
8707		8
8708		8
8709		16.3333
8710		15.2
8711		7
8712		8
8713		18
8714		6
8715		0
8716		7.33333
8717		12.75
8718		35
8719		9
8720		14.6667
8721		8
8722		8
8723		0
8724		15.125
8725		7.6
8726		0
8727		64
8728		8
8729		0
8730		15.2
8731		7
8732		8
8733		18.8333
8734		9
8735		0
8736		6
8737		28.5
8738		8
8739		8
8740		18.8333
8741		0
8742		8
8743		6
8744		20.6667
8745		10
8746		14.3333
8747		0
8748		8
8749		10.25
8750		30.5
8751		27
8752		0
8753		14
8754		8
8755		8
8756		16.5
8757		24
8758		0
8759		10.6667
8760		15.75
8761		0
8762		8
8763		0
8764		19.5
8765		16
8766		17.5
8767		7
8768		15
8769		0
8770		0
8771		0
8772		14.3333
8773		14.6667
8774		8
8775		28
8776		8.25
8777		0
8778		6
8779		42
8780		18.5
8781		9.25
8782		35
8783		0
8784		8
8785		21
8786		14.3333
8787		0
8788		14
8789		0
8790		8
8791		19
8792		10.8571
8793		8
8794		24.5
8795		0
8796		17.5
8797		14.75
8798		10.6667
8799		7
8800		16.75
8801		8
8802		0
8803		8
8804		9.2
8805		15.6667
8806		8
8807		18.6667
8808		7.5
8809		0
8810		7
8811		0
8812		15.6667
8813		16.4
8814		8
8815		0
8816		8.33333
8817		0
8818		19.5
8819		13
8820		15.75
8821		8
8822		8
8823		33
8824		15
8825		12.5
8826		23.5
8827		8
8828		8
8829		43.5
8830		14
8831		8
8832		8.5
8833		16.8333
8834		8
8835		6
8836		32
8837		0
8838		14.6667
8839		6
8840		14.2
8841		7.66667
8842		0
8843		7
8844		14.6667
8845		10.6667
8846		23.3333
8847		40
8848		12.25
8849		9.33333
8850		0
8851		7
8852		18.1667
8853		16
8854		8
8855		15
8856		13
8857		13.3333
8858		8.5
8859		0
8860		8
8861		17
8862		23.3333
8863		7
8864		10
8865		0
8866		0
8867		0
8868		13.1429
8869		11
8870		12.6667
8871		16
8872		8
8873		9
8874		6
8875		42
8876		15.3333
8877		8.85714
8878		11
8879		0
8880		8
8881		19
8882		11.5
8883		6.5
8884		8.42857
8885		26
8886		8
8887		19
8888		6
8889		16
8890		18.6667
8891		8
8892		12.75
8893		10.2
8894		19
8895		0
8896		30
8897		8.5
8898		13
8899		8
8900		9.42857
8901		15.3333
8902		11.5
8903		18
8904		6.5
8905		0
8906		7
8907		0
8908		12.2
8909		16.6667
8910		7
8911		8.5
8912		8
8913		9
8914		7
8915		0
8916		16.4
8917		14.75
8918		0
8919		24.5
8920		8.5
8921		8
8922		15.8
8923		6
8924		16.6667
8925		40
8926		10
8927		8
8928		7.66667
8929		23.3333
8930		14.25
8931		8
8932		23.5
8933		8.5
8934		0
8935		6
8936		18
8937		15.25
8938		6
8939		0
8940		8
8941		11
8942		15.25
8943		26.5
8944		12.5
8945		0
8946		0
8947		8
8948		16.2
8949		19.25
8950		10.5
8951		11.5
8952		16.3333
8953		9
8954		8
8955		7
8956		11
8957		15.5
8958		17.75
8959		0
8960		8
8961		19
8962		22
8963		7.5
8964		12.375
8965		8
8966		8
8967		34
8968		19
8969		12.3333
8970		9.5
8971		25
8972		15
8973		9.5
8974		35
8975		0
8976		16.5
8977		25
8978		8.33333
8979		7
8980		11.8333
8981		17
8982		16
8983		13
8984		8
8985		7.5
8986		18.3333
8987		8
8988		13.6667
8989		17
8990		13
8991		0
8992		25
8993		10
8994		8
8995		7.33333
8996		14.5
8997		8
8998		25
8999		24
9000		8.75
9001		6
9002		11.25
9003		0
9004		15
9005		18.5
9006		7
9007		0
9008		13.75
9009		13.6667
9010		8
9011		7
9012		18.3333
9013		15.5
9014		12
9015		24.6667
9016		12.8
9017		8
9018		22.3333
9019		0
9020		16
9021		33
9022		17
9023		0
9024		8.75
9025		39
9026		0
9027		0
9028		18.25
9029		16.8
9030		10
9031		6.5
9032		18.6667
9033		18
9034		8
9035		20
9036		22
9037		11.6667
9038		8
9039		24
9040		18
9041		10
9042		20.4
9043		8
9044		8.66667
9045		32
9046		0
9047		0
9048		7.4
9049		12.4
9050		8
9051		13
9052		14
9053		64
9054		16.5
9055		0
9056		15.25
9057		7.5
9058		0
9059		8
9060		19.3333
9061		8
9062		9.8
9063		0
9064		19.75
9065		17
9066		0
9067		24.5
9068		8
9069		11.6667
9070		8
9071		7
9072		7.5
9073		23.5
9074		17.5
9075		0
9076		12
9077		8
9078		10
9079		8
9080		21.25
9081		8
9082		13
9083		68
9084		16.5
9085		11
9086		24.5
9087		7
9088		11
9089		17.5
9090		8
9091		0
9092		8.33333
9093		23.5
9094		73
9095		8
9096		15
9097		8
9098		0
9099		6
9100		40
9101		7.5
9102		20
9103		0
9104		8
9105		28
9106		23
9107		0
9108		7.5
9109		28
9110		8.66667
9111		0
9112		10.6667
9113		40
9114		0
9115		0
9116		14.6667
9117		7.5
9118		12
9119		13
9120		27.6667
9121		8.33333
9122		20
9123		0
9124		8
9125		19
9126		18.3333
9127		0
9128		8
9129		12
9130		8
9131		0
9132		11.8
9133		24.5
9134		8
9135		0
9136		15
9137		8
9138		27
9139		13
9140		17
9141		8.33333
9142		0
9143		0
9144		19.5
9145		11.3333
9146		17.6667
9147		0
9148		8
9149		0
9150		12
9151		0
9152		9
9153		35
9154		9
9155		9
9156		8
9157		0
9158		13
9159		6
9160		21.75
9161		12
9162		9.5
9163		0
9164		18.5
9165		10.3333
9166		17.3333
9167		9.5
9168		11.5
9169		15.3333
9170		8
9171		0
9172		9.6
9173		40
9174		9
9175		8
9176		15.6667
9177		9.5
9178		9
9179		8
9180		25
9181		9.75
9182		0
9183		7
9184		11.5
9185		7.5
9186		11.4
9187		41
9188		10.3333
9189		8
9190		8
9191		8
9192		12
9193		7
9194		41
9195		11.5
9196		8
9197		8.66667
9198		17
9199		7
9200		11.5
9201		21.75
9202		7.5
9203		0
9204		9
9205		8
9206		8
9207		8
9208		17.3333
9209		8
9210		8.5
9211		10
9212		18.5
9213		14.5
9214		41
9215		0
9216		8
9217		15
9218		8
9219		0
9220		9
9221		33.5
9222		0
9223		0
9224		7.75
9225		8
9226		10.5
9227		6
9228		25.3333
9229		8.33333
9230		0
9231		0
9232		13.25
9233		11.6667
9234		7
9235		41
9236		8
9237		24
9238		8
9239		0
9240		10
9241		18.6667
9242		7.5
9243		11.5
9244		12
9245		0
9246		0
9247		0
9248		23
9249		10
9250		19.3333
9251		8
9252		9.75
9253		15.25
9254		0
9255		0
9256		42
9257		14.5
9258		8
9259		8
9260		8
9261		0
9262		10
9263		13
9264		13.3333
9265		26
9266		0
9267		0
9268		10.6
9269		8.5
9270		0
9271		0
9272		8
9273		13
9274		46
9275		0
9276		8
9277		11.75
9278		11
9279		14
9280		26
9281		8
9282		0
9283		0
9284		13.6667
9285		7.5
9286		9
9287		46
9288		8
9289		19
9290		14.5
9291		7
9292		7.33333
9293		25.5
9294		7.5
9295		15
9296		23
9297		12
9298		9
9299		0
9300		10.75
9301		7.33333
9302		29
9303		0
9304		8
9305		14.3333
9306		6
9307		0
9308		17
9309		16
9310		0
9311		0
9312		7.5
9313		0
9314		22
9315		13
9316		11.2
9317		27.5
9318		12
9319		0
9320		17.5
9321		12.6667
9322		19.5
9323		0
9324		8
9325		8
9326		46
9327		7
9328		7.5
9329		17.5
9330		13.3333
9331		14
9332		26.5
9333		8
9334		12
9335		0
9336		20
9337		15.6667
9338		7.5
9339		26
9340		16.5
9341		10
9342		0
9343		16
9344		11.75
9345		43
9346		8
9347		11.5
9348		9
9349		14.3333
9350		0
9351		0
9352		7.66667
9353		13.2
9354		19.6667
9355		0
9356		15.5
9357		8
9358		0
9359		0
9360		17.4
9361		8
9362		18.6667
9363		6
9364		8.33333
9365		0
9366		8.5
9367		13
9368		24
9369		21
9370		8.5
9371		9
9372		8.5
9373		9.33333
9374		8
9375		0
9376		12
9377		9
9378		26
9379		8
9380		7.5
9381		8
9382		17.5
9383		7
9384		17.2
9385		7.66667
9386		8
9387		9
9388		8
9389		27.3333
9390		8.66667
9391		20.6667
9392		7.33333
9393		8.66667
9394		7
9395		0
9396		17
9397		19.6667
9398		7.25
9399		8
9400		20.2
9401		8
9402		8
9403		19
9404		7
9405		8
9406		27
9407		7
9408		0
9409		21.2
9410		0
9411		0
9412		16.75
9413		8
9414		0
9415		8
9416		15.5
9417		8
9418		32
9419		24
9420		27
9421		0
9422		0
9423		0
9424		8
9425		14.8333
9426		0
9427		0
9428		0
9429		19.5
9430		0
9431		0
9432		14.4
9433		9
9434		10.6667
9435		64
9436		19
9437		10.5
9438		41
9439		0
9440		7.66667
9441		24.6667
9442		31
9443		0
9444		8.4
9445		39
9446		0
9447		0
9448		31.5
9449		16.3333
9450		12
9451		22.5
9452		8
9453		9.5
9454		6
9455		6
9456		19.5
9457		14.6
9458		8
9459		8
9460		15.75
9461		0
9462		33
9463		8
9464		22.75
9465		8
9466		11
9467		7
9468		8
9469		24.75
9470		17
9471		0
9472		15.3333
9473		11.3333
9474		0
9475		9
9476		25
9477		8
9478		10
9479		20
9480		8.66667
9481		29.3333
9482		44
9483		8
9484		9.6
9485		23.5
9486		9.75
9487		7
9488		7.66667
9489		26.5
9490		8
9491		35
9492		17.6667
9493		8
9494		8
9495		8
9496		29.3333
9497		9.2
9498		8
9499		8
9500		7.5
9501		17.3333
9502		38.5
9503		43
9504		8.2
9505		7
9506		8.5
9507		9.5
9508		14
9509		24.5
9510		8
9511		0
9512		30.25
9513		8.25
9514		7
9515		0
9516		18.6667
9517		9
9518		61
9519		9
9520		7.33333
9521		16
9522		24
9523		7
9524		8.2
9525		6
9526		0
9527		8
9528		18
9529		7.5
9530		8.66667
9531		42
9532		8
9533		8.5
9534		36
9535		0
9536		8
9537		9
9538		8.5
9539		9
9540		14.6
9541		23.5
9542		8
9543		59
9544		7.66667
9545		7.5
9546		8
9547		8
9548		18.25
9549		15.4
9550		30.5
9551		0
9552		0
9553		8
9554		23.5
9555		0
9556		14.1667
9557		8
9558		8
9559		31.5
9560		24
9561		8
9562		27
9563		0
9564		15.4
9565		16.6
9566		10
9567		8
9568		8
9569		20.5
9570		0
9571		27.5
9572		8
9573		8
9574		8
9575		48
9576		14.5
9577		8
9578		0
9579		7
9580		23
9581		8
9582		21
9583		0
9584		8
9585		14.75
9586		8
9587		0
9588		7.33333
9589		23.5
9590		8
9591		8.5
9592		8.25
9593		0
9594		0
9595		0
9596		11.5
9597		31
9598		17.75
9599		8
9600		0
9601		9
9602		31
9603		0
9604		14.5
9605		8
9606		23.3333
9607		0
9608		7
9609		15.6667
9610		0
9611		13
9612		30.5
9613		16.6
9614		8
9615		0
9616		16
9617		9.5
9618		9
9619		0
9620		15.6667
9621		8
9622		29.25
9623		0
9624		7.66667
9625		19
9626		8
9627		0
9628		23.6667
9629		12.75
9630		0
9631		9
9632		8
9633		24
9634		8
9635		46
9636		13
9637		9
9638		8.33333
9639		0
9640		12.25
9641		25.5
9642		0
9643		0
9644		19
9645		12.75
9646		8
9647		6
9648		20
9649		15.3333
9650		0
9651		0
9652		8.25
9653		7.66667
9654		49
9655		0
9656		13.6667
9657		8
9658		9
9659		0
9660		7
9661		17.25
9662		13
9663		15
9664		0
9665		32.5
9666		8
9667		39
9668		11.1667
9669		7.33333
9670		8
9671		0
9672		23
9673		8
9674		11
9675		7
9676		17.2
9677		8.66667
9678		6
9679		0
9680		0
9681		15.6667
9682		8
9683		7.5
9684		7.5
9685		26
9686		8
9687		6
9688		12
9689		7
9690		18.5
9691		0
9692		21
9693		9.5
9694		6
9695		8
9696		8
9697		17.25
9698		25
9699		7
9700		8
9701		8
9702		8
9703		6
9704		14.25
9705		26.5
9706		16.3333
9707		0
9708		9.5
9709		0
9710		25
9711		8
9712		20.3333
9713		10.4286
9714		0
9715		10
9716		13
9717		9
9718		42
9719		0
9720		8.33333
9721		8
9722		13
9723		0
9724		7.33333
9725		25.3333
9726		8.33333
9727		0
9728		8
9729		11.4
9730		7
9731		29
9732		13
9733		10.5
9734		8
9735		0
9736		7.5
9737		6.66667
9738		21
9739		7
9740		9.42857
9741		9
9742		0
9743		0
9744		39
9745		11
9746		9.25
9747		37
9748		8
9749		9
9750		0
9751		0
9752		19.5
9753		18
9754		12.75
9755		10
9756		12.2
9757		13
9758		0
9759		6
9760		13.3333
9761		12.25
9762		20
9763		10
9764		8
9765		14
9766		17
9767		7
9768		16.25
9769		7
9770		12.5
9771		0
9772		19.6667
9773		11.5
9774		0
9775		7
9776		12.8333
9777		19.2
9778		6
9779		9.5
9780		13.5
9781		15.3333
9782		9
9783		21
9784		8
9785		12.5
9786		16
9787		0
9788		0
9789		7
9790		8
9791		0
9792		17.8571
9793		17.75
9794		8
9795		6
9796		19.5
9797		8
9798		28.5
9799		9.33333
9800		12
9801		14
9802		9.5
9803		8
9804		0
9805		25
9806		10.25
9807		0
9808		12
9809		9
9810		7
9811		9
9812		22.6667
9813		14.75
9814		8
9815		9
9816		8
9817		14
9818		19.6667
9819		8
9820		14
9821		8
9822		15
9823		10
9824		7
9825		21.75
9826		0
9827		8
9828		8.33333
9829		24
9830		10
9831		0
9832		15.75
9833		9.8
9834		0
9835		10
9836		13.6667
9837		8
9838		15.75
9839		6
9840		8.4
9841		7.33333
9842		6
9843		0
9844		7
9845		20.25
9846		9.5
9847		0
9848		8
9849		8
9850		8
9851		0
9852		19.2
9853		7.75
9854		8
9855		0
9856		8
9857		8
9858		25
9859		0
9860		8
9861		8.2
9862		0
9863		0
9864		12.25
9865		40
9866		7
9867		7
9868		17.5
9869		8
9870		0
9871		0
9872		14.8
9873		8
9874		8.33333
9875		8
9876		8.5
9877		15.6667
9878		40
9879		0
9880		8.33333
9881		9
9882		0
9883		11
9884		15.3333
9885		18.6667
9886		6
9887		0
9888		8
9889		9
9890		17.3333
9891		0
9892		14.6
9893		0
9894		0
9895		8
9896		14.5
9897		8.25
9898		24
9899		7
9900		15
9901		8
9902		7
9903		6
9904		8
9905		14
9906		15.5
9907		8
9908		8
9909		32
9910		8
9911		8
9912		12.8571
9913		8
9914		0
9915		17
9916		16
9917		0
9918		20
9919		0
9920		8
9921		11
9922		10
9923		0
9924		8
9925		30.3333
9926		8
9927		9
9928		12
9929		8
9930		8.5
9931		6
9932		21.4
9933		8
9934		6
9935		0
9936		8.5
9937		10.25
9938		21
9939		41
9940		8
9941		8
9942		0
9943		8
9944		15.2857
9945		18.5
9946		0
9947		12
9948		16.6667
9949		11
9950		6.66667
9951		0
9952		16.25
9953		13
9954		28.5
9955		0
9956		8.33333
9957		20
9958		10.5
9959		9
9960		15.6
9961		8
9962		8
9963		24.5
9964		15.75
9965		8
9966		6
9967		25
9968		8
9969		9.66667
9970		16.3333
9971		0
9972		8.33333
9973		24.5
9974		8.5
9975		0
9976		7.33333
9977		20.5
9978		0
9979		8
9980		15.8
9981		0
9982		8
9983		0
9984		17.4
9985		12.2
9986		22.3333
9987		8
9988		16.3333
9989		8
9990		12
9991		0
9992		8.2
9993		15.75
9994		7
9995		15
9996		0
9997		36
9998		6
9999		39
10000		8
