Tile ID						Power estimation

0						0.0108655
1						0.0110835
2						0.0113258
3						0.0108742
4						0.000470258
5						0.000300381
6						0.0104759
7						0.0150577
8						0.028397
9						0.0305613
10						0.015768
11						0.00027222
12						0.0103196
13						0.0108096
14						0.0055542
15						0.0012328
16						0.000696058
17						0.000244059
18						0.000244059
19						0.000705445
20						0.00394424
21						0.0015055
22						0.000799314
23						0.000225286
24						0.000225286
25						0.000742935
26						0.00227782
27						0.00123237
28						0.000856006
29						0.000244059
30						0.000225286
31						0.000545125
32						0.000903083
33						0.000592202
34						0.000620591
35						0.000347315


Total Netwok Power(In Watt):0.190544