#Simcount		average latency
1		0
2		0
3		0
4		0
5		0
6		0
7		0
8		0
9		0
10		0
11		0
12		0
13		0
14		0
15		0
16		0
17		0
18		0
19		0
20		10
21		0
22		0
23		0
24		0
25		0
26		0
27		0
28		8
29		11.3333
30		0
31		0
32		0
33		11
34		0
35		0
36		10
37		8
38		8.33333
39		0
40		9.5
41		0
42		10.5
43		7
44		8
45		8
46		8
47		0
48		6.66667
49		12.4
50		7
51		8
52		0
53		9.5
54		0
55		0
56		10.3333
57		8
58		8.25
59		0
60		10.5
61		8
62		9.75
63		7
64		10
65		7.8
66		8
67		9
68		8
69		10
70		7.33333
71		8
72		0
73		8.6
74		0
75		8
76		11.5
77		7.66667
78		8.33333
79		0
80		11
81		8
82		13.5
83		7
84		8
85		8.25
86		9.33333
87		9
88		7.5
89		10.75
90		7
91		8
92		0
93		8
94		8
95		8
96		11
97		8
98		8.5
99		11
100		0
101		8
102		11.25
103		0
104		8
105		9.33333
106		8
107		9
108		14
109		13
110		8
111		0
112		10
113		0
114		8
115		8
116		15
117		8
118		9
119		0
120		8
121		10.3333
122		0
123		22
124		0
125		8
126		8
127		0
128		12
129		13
130		8
131		8
132		0
133		8
134		11
135		0
136		13
137		8.33333
138		9
139		21
140		9
141		8
142		16
143		0
144		17.5
145		8
146		8
147		0
148		11.6667
149		11
150		0
151		27
152		8
153		8
154		12
155		0
156		8
157		11.25
158		0
159		8
160		19
161		8
162		8
163		0
164		16
165		8
166		0
167		8
168		14
169		16.6667
170		0
171		0
172		8
173		9
174		14
175		6
176		21
177		8
178		0
179		0
180		7.5
181		11.75
182		21
183		8
184		8
185		13.5
186		0
187		0
188		9
189		15
190		8
191		0
192		11.6667
193		8
194		11.5
195		6
196		17.3333
197		8.5
198		8
199		0
200		8
201		12.75
202		17.3333
203		8
204		8
205		8
206		0
207		0
208		13
209		17
210		8
211		0
212		8
213		8
214		24
215		0
216		38
217		8
218		9
219		23
220		10
221		8
222		22.5
223		0
224		12.25
225		8
226		7.5
227		0
228		16
229		15.25
230		0
231		0
232		8
233		9.66667
234		14
235		6
236		24
237		8
238		0
239		0
240		11.2
241		8
242		24
243		8
244		13
245		8
246		14
247		0
248		8
249		14.3333
250		18
251		0
252		9
253		11.5
254		6
255		10.5
256		17.6667
257		8
258		0
259		0
260		9.5
261		13
262		16
263		7
264		8
265		27
266		13
267		0
268		10
269		14.2
270		0
271		8
272		15
273		17
274		8.5
275		7
276		24
277		8
278		0
279		0
280		9.2
281		18
282		16
283		8
284		8
285		9
286		19
287		0
288		8
289		12.2857
290		0
291		0
292		18
293		8
294		6.66667
295		7
296		25.3333
297		8
298		0
299		0
300		8
301		0
302		18.6667
303		8.33333
304		0
305		12.3333
306		9
307		0
308		7.5
309		40
310		30
311		0
312		8
313		8
314		8
315		6
316		21.5
317		7.5
318		0
319		7
320		14.6667
321		8.5
322		24
323		8
324		14
325		8.5
326		0
327		8
328		17.5
329		14.6
330		8
331		0
332		8
333		8
334		11
335		25
336		24
337		8
338		8
339		0
340		14.3333
341		10.5
342		23.5
343		8
344		8.66667
345		8
346		0
347		0
348		10.5
349		20.75
350		8
351		0
352		7.75
353		9.25
354		13
355		27
356		23.5
357		7.75
358		8
359		0
360		9.33333
361		12.4
362		23.5
363		8
364		8
365		8
366		8
367		9
368		8
369		18.6667
370		8
371		31
372		9
373		8
374		9
375		8
376		24
377		12.2
378		7
379		0
380		9
381		7.5
382		23
383		7
384		19.6667
385		8
386		8
387		9
388		11.6667
389		13
390		8
391		25.5
392		8
393		17.6667
394		8
395		8
396		10
397		7.75
398		6.5
399		8
400		25.5
401		8.33333
402		6
403		7
404		24
405		8
406		8.33333
407		7
408		18.6667
409		27.5
410		8
411		8
412		8
413		23
414		10
415		8
416		21.6667
417		7.75
418		8
419		6
420		17.6667
421		10
422		46
423		7
424		15
425		10
426		8
427		8
428		10
429		17
430		8
431		8
432		9.8
433		8
434		17.75
435		0
436		26.5
437		8
438		9.5
439		8.5
440		8
441		17.25
442		25
443		8
444		8
445		7.5
446		8
447		8
448		20
449		14
450		8
451		0
452		8
453		8
454		8.5
455		41
456		16
457		8
458		8
459		7
460		0
461		7.5
462		20.3333
463		0
464		19.3333
465		8
466		0
467		8
468		0
469		20.3333
470		8
471		44
472		8.5
473		8
474		9
475		0
476		42
477		7.33333
478		0
479		7
480		25
481		9.25
482		14
483		41
484		7
485		17.6667
486		0
487		9.5
488		9.5
489		18.6667
490		8
491		0
492		7.5
493		8
494		11.5
495		8
496		20.6
497		8
498		15
499		0
500		22
501		11
502		18
503		9.66667
504		8
505		9
506		8
507		0
508		6
509		8
510		8
511		19.3333
512		17
513		8
514		0
515		0
516		24.5
517		8
518		12
519		7
520		26
521		9.75
522		0
523		0
524		9
525		15.4
526		8
527		7.5
528		11
529		27
530		8
531		0
532		19.6667
533		7.75
534		14
535		8
536		27.5
537		8.33333
538		7.5
539		0
540		8
541		17.2
542		26
543		7.5
544		10
545		8.33333
546		8
547		0
548		15.5
549		21
550		8.66667
551		7
552		8
553		8
554		0
555		0
556		17.25
557		15
558		8.33333
559		8
560		8.5
561		0
562		42
563		0
564		30
565		8.28571
566		8
567		0
568		6
569		20
570		12
571		27
572		7.5
573		7.8
574		0
575		0
576		17.25
577		9.5
578		8
579		0
580		8
581		28.5
582		26.5
583		0
584		11
585		8
586		8
587		48
588		9.5
589		27
590		6
591		8
592		20
593		7.5
594		0
595		0
596		19.3333
597		15
598		8.33333
599		0
600		8
601		8
602		10.5
603		24
604		8
605		15
606		8
607		9
608		7
609		26
610		7
611		8
612		18.3333
613		7.66667
614		0
615		8
616		16.75
617		7.5
618		17.6667
619		0
620		8
621		8
622		17
623		0
624		18
625		7.6
626		8
627		0
628		21
629		14.1667
630		7
631		8
632		8
633		14.75
634		8
635		6
636		17.25
637		12.8
638		8
639		6
640		8
641		8
642		28
643		8
644		8
645		7.8
646		8
647		8
648		9
649		15.8
650		6
651		21
652		8
653		8
654		8
655		0
656		19
657		7.5
658		8
659		6
660		19.5
661		8
662		26.5
663		6
664		8
665		8.25
666		8
667		8
668		12
669		17.1667
670		8
671		0
672		8.33333
673		8
674		8
675		34
676		24
677		8
678		7.66667
679		0
680		8
681		8
682		20
683		0
684		21.5
685		8.2
686		8
687		0
688		0
689		18
690		8
691		38
692		9
693		8
694		0
695		0
696		24.25
697		7
698		8.33333
699		0
700		18
701		8
702		16
703		41
704		7.33333
705		8
706		8
707		0
708		8
709		22.4
710		7
711		8
712		8
713		8
714		0
715		0
716		21.2
717		8
718		8
719		8
720		8.5
721		8
722		30.6667
723		0
724		8
725		7.75
726		8
727		0
728		7
729		17.6
730		6
731		8
732		43
733		8
734		8
735		0
736		18.8571
737		8
738		8
739		8
740		0
741		8.33333
742		17.4
743		0
744		9
745		17
746		8
747		11
748		6
749		17.5
750		7.33333
751		7
752		19.6667
753		0
754		8
755		8
756		14.6
757		7
758		44
759		8
760		11.5
761		8
762		19
763		7
764		11.5
765		18.6667
766		9
767		0
768		7
769		7.5
770		8
771		21
772		8
773		7
774		8
775		0
776		9
777		9.66667
778		7
779		28.5
780		44
781		8
782		0
783		0
784		0
785		9.5
786		8
787		0
788		29.5
789		21.3333
790		0
791		0
792		23.3333
793		8
794		0
795		0
796		47
797		8.25
798		8
799		48
800		8
801		8
802		46
803		0
804		7
805		8.25
806		8
807		0
808		30.5
809		22.6667
810		0
811		0
812		7
813		8.4
814		25
815		6
816		26.5
817		8.33333
818		0
819		0
820		9
821		8
822		8
823		25.5
824		45
825		13
826		11
827		0
828		18.6667
829		18.6667
830		7.5
831		15
832		8
833		9.33333
834		6
835		8
836		8
837		17.75
838		25
839		8
840		9.6
841		42
842		8
843		0
844		25
845		7.5
846		11
847		0
848		14.2
849		8
850		12
851		8
852		0
853		22
854		7
855		8
856		18.3333
857		8.5
858		8.5
859		8
860		19.6667
861		18.3333
862		7.33333
863		0
864		7
865		8
866		16.5
867		0
868		18.6667
869		7.8
870		8
871		9
872		7
873		27
874		15.25
875		8
876		8
877		8.25
878		0
879		7
880		16.75
881		41
882		7.66667
883		0
884		7.33333
885		8
886		19.6667
887		8
888		23.5
889		7.66667
890		9
891		9
892		8
893		15.4
894		7
895		24.5
896		8
897		9
898		8
899		8
900		19.6667
901		8
902		19
903		0
904		9.33333
905		8
906		40
907		0
908		8
909		7.66667
910		13
911		10
912		8
913		19.3333
914		6
915		6
916		0
917		0
918		8
919		8
920		23.5
921		7.66667
922		54
923		0
924		8.66667
925		0
926		29
927		6.5
928		31.5
929		7
930		6
931		0
932		8
933		17
934		8
935		8
936		0
937		24
938		0
939		0
940		15.8
941		8.5
942		31
943		0
944		0
945		8
946		20.6667
947		7
948		7.6
949		19.5
950		0
951		0
952		0
953		19.6667
954		6
955		8
956		16.5
957		8.33333
958		0
959		0
960		26.5
961		7.5
962		8.16667
963		25
964		8
965		13.5
966		13
967		41
968		15
969		9.75
970		8
971		8
972		18.6667
973		20.6667
974		6
975		7.5
976		8
977		8
978		11
979		13
980		11.5
981		15.25
982		19.3333
983		0
984		0
985		8.66667
986		11.5
987		8
988		19.5
989		8
990		0
991		0
992		21.5
993		9
994		7.75
995		19
996		8
997		8
998		0
999		17
1000		9.33333
1001		18.6667
1002		8
1003		8
1004		0
1005		8
1006		12
1007		8
1008		12.75
1009		8
1010		43
1011		0
1012		0
1013		10.5
1014		13
1015		7.5
1016		19.3333
1017		7.5
1018		0
1019		0
1020		14
1021		11.3333
1022		8
1023		19.3333
1024		8.5
1025		20.6667
1026		9
1027		0
1028		7
1029		8
1030		7
1031		8
1032		26.5
1033		9
1034		6.66667
1035		8
1036		8
1037		26
1038		8
1039		6.5
1040		9.5
1041		13.8333
1042		8
1043		0
1044		24
1045		8
1046		6
1047		7.33333
1048		21
1049		8
1050		8.5
1051		0
1052		8
1053		45
1054		27
1055		7.5
1056		0
1057		9.66667
1058		11
1059		0
1060		7.5
1061		47
1062		0
1063		8
1064		8
1065		8
1066		22
1067		0
1068		17
1069		13
1070		0
1071		0
1072		8
1073		7.5
1074		0
1075		46.5
1076		8
1077		8
1078		0
1079		0
1080		29
1081		18.6667
1082		7
1083		0
1084		8
1085		8
1086		0
1087		6
1088		14
1089		22.6667
1090		19.3333
1091		0
1092		8
1093		10
1094		0
1095		8
1096		33.3333
1097		7.66667
1098		0
1099		9
1100		9.5
1101		8
1102		19
1103		0
1104		0
1105		20
1106		8.5
1107		8
1108		20.6667
1109		8
1110		7.5
1111		0
1112		27.25
1113		9
1114		0
1115		0
1116		8
1117		8
1118		24.5
1119		6
1120		13
1121		19
1122		0
1123		0
1124		8.66667
1125		20
1126		9.25
1127		0
1128		39
1129		7.5
1130		0
1131		0
1132		17.5
1133		18
1134		14.6667
1135		27.5
1136		0
1137		8
1138		19
1139		0
1140		11.5
1141		9.8
1142		0
1143		0
1144		26
1145		24
1146		9.66667
1147		11.5
1148		20.3333
1149		9
1150		8
1151		6
1152		24
1153		11
1154		9.33333
1155		8
1156		8.5
1157		15.2
1158		23
1159		8
1160		8
1161		9.66667
1162		6
1163		8
1164		19.6667
1165		15.75
1166		8
1167		0
1168		10
1169		8
1170		8
1171		45
1172		19
1173		8.33333
1174		10.3333
1175		0
1176		8
1177		8
1178		26.5
1179		9
1180		20
1181		10.5
1182		7
1183		8
1184		27.5
1185		20.3333
1186		8
1187		8
1188		15.1667
1189		8
1190		8.66667
1191		6
1192		18.6667
1193		12.5
1194		11.3333
1195		8.5
1196		8
1197		13.6667
1198		14
1199		24.5
1200		8
1201		18.75
1202		7
1203		8
1204		7
1205		24
1206		9
1207		0
1208		13
1209		7.5
1210		8
1211		11
1212		37
1213		8.5
1214		7.33333
1215		0
1216		14.5
1217		8
1218		23
1219		8
1220		8
1221		7.66667
1222		0
1223		0
1224		7.66667
1225		19.6
1226		10
1227		0
1228		9
1229		8
1230		0
1231		35
1232		18.3333
1233		8
1234		8
1235		0
1236		21
1237		8
1238		22.5
1239		0
1240		8.5
1241		14.25
1242		0
1243		0
1244		8
1245		40
1246		8
1247		0
1248		21
1249		8
1250		9
1251		13
1252		24
1253		9
1254		34
1255		0
1256		10
1257		8.5
1258		24
1259		8
1260		21
1261		9
1262		8
1263		9
1264		19.6667
1265		9.66667
1266		0
1267		42
1268		13
1269		8
1270		0
1271		10.5
1272		8
1273		8
1274		18
1275		0
1276		44
1277		9
1278		0
1279		8
1280		14.6667
1281		9
1282		8
1283		0
1284		28
1285		17.75
1286		9
1287		11
1288		9
1289		0
1290		8
1291		0
1292		0
1293		19.5
1294		19.5
1295		8
1296		8
1297		8
1298		0
1299		0
1300		23.75
1301		10.5
1302		7.33333
1303		8
1304		8
1305		8
1306		32
1307		6
1308		8.25
1309		16.8
1310		15.3333
1311		0
1312		8
1313		7
1314		11
1315		0
1316		16.4
1317		11.2857
1318		8
1319		9
1320		0
1321		8.5
1322		16.75
1323		7.5
1324		16
1325		7.75
1326		8
1327		8
1328		6
1329		16.5
1330		14
1331		8
1332		8
1333		8
1334		0
1335		0
1336		22.25
1337		8
1338		8
1339		9
1340		9
1341		8
1342		42
1343		7
1344		8
1345		14.75
1346		8
1347		8
1348		8
1349		19.6667
1350		34
1351		8
1352		8
1353		7.5
1354		0
1355		0
1356		20.2
1357		8
1358		8
1359		0
1360		0
1361		8
1362		19.3333
1363		7
1364		9
1365		17.6667
1366		8
1367		0
1368		6
1369		20
1370		22
1371		8
1372		0
1373		9.66667
1374		8
1375		0
1376		14
1377		8
1378		0
1379		39
1380		11
1381		8
1382		14.2
1383		0
1384		18
1385		7
1386		14
1387		0
1388		7
1389		14.5
1390		8
1391		0
1392		0
1393		18
1394		6
1395		8
1396		14.8
1397		7.75
1398		8
1399		41
1400		11
1401		8
1402		13.5
1403		0
1404		8
1405		16.25
1406		11
1407		0
1408		7
1409		13.8333
1410		8
1411		9
1412		23.5
1413		11
1414		7.33333
1415		7
1416		20.3333
1417		8
1418		0
1419		8
1420		10.6667
1421		19
1422		15
1423		24.5
1424		0
1425		11
1426		0
1427		7
1428		8.5
1429		15.6
1430		8
1431		12
1432		48
1433		8
1434		6
1435		0
1436		17
1437		11
1438		26.5
1439		8
1440		0
1441		13
1442		0
1443		0
1444		19
1445		17.5
1446		8
1447		16.5
1448		12
1449		8
1450		6
1451		42
1452		27.5
1453		10.4
1454		8
1455		8
1456		8
1457		41
1458		22.6667
1459		6
1460		9.6
1461		7.75
1462		8
1463		38
1464		41
1465		6
1466		8.8
1467		0
1468		18
1469		8
1470		27
1471		0
1472		17
1473		10
1474		7.33333
1475		8
1476		18.5
1477		16
1478		8.5
1479		0
1480		8.4
1481		13.25
1482		8
1483		6
1484		16.5
1485		8
1486		14.5
1487		0
1488		7.5
1489		7.8
1490		23.5
1491		8
1492		15
1493		10.25
1494		7
1495		7.5
1496		8
1497		15.75
1498		0
1499		0
1500		10
1501		14
1502		8.33333
1503		8
1504		23.5
1505		8
1506		10.75
1507		0
1508		20.5
1509		7.6
1510		24
1511		0
1512		7.33333
1513		17.5
1514		7
1515		8
1516		0
1517		15.5714
1518		0
1519		9
1520		10.1667
1521		8
1522		8
1523		6
1524		35.5
1525		7.66667
1526		10.3333
1527		8
1528		15
1529		7.75
1530		40
1531		8
1532		7
1533		13.8
1534		7.4
1535		0
1536		8
1537		18.6667
1538		0
1539		9
1540		10.25
1541		7.8
1542		15.6667
1543		6
1544		40
1545		0
1546		12
1547		8
1548		16.6667
1549		7.66667
1550		24
1551		8
1552		7.5
1553		14
1554		8
1555		32
1556		8
1557		16
1558		0
1559		0
1560		14
1561		13.6
1562		12
1563		0
1564		18.6667
1565		8
1566		13
1567		0
1568		18
1569		7.5
1570		18.6667
1571		0
1572		13.25
1573		12.6667
1574		11
1575		0
1576		8
1577		18.6667
1578		0
1579		9
1580		17
1581		14
1582		6
1583		8
1584		15.75
1585		8
1586		22
1587		7.5
1588		19
1589		8
1590		17.6
1591		0
1592		7.75
1593		13.3333
1594		35
1595		6
1596		8
1597		15.8
1598		8
1599		10.5
1600		18.25
1601		8.75
1602		8
1603		0
1604		22
1605		8
1606		8
1607		8
1608		9.33333
1609		8
1610		18.6667
1611		0
1612		8
1613		12.8333
1614		8
1615		0
1616		8
1617		12.5714
1618		8
1619		0
1620		37
1621		8.2
1622		7
1623		8
1624		18.3333
1625		8
1626		22.5
1627		0
1628		7
1629		8
1630		18.6667
1631		36
1632		8
1633		8.33333
1634		0
1635		8
1636		17
1637		15
1638		8
1639		8
1640		0
1641		8.75
1642		0
1643		0
1644		16.75
1645		14
1646		8
1647		8
1648		10.6667
1649		0
1650		18
1651		0
1652		18.3333
1653		8
1654		0
1655		0
1656		18.6667
1657		17
1658		8
1659		0
1660		8
1661		8
1662		6
1663		0
1664		18.3333
1665		24
1666		8.5
1667		0
1668		8
1669		8
1670		24
1671		0
1672		19
1673		8
1674		8
1675		0
1676		8
1677		24
1678		19
1679		0
1680		0
1681		8
1682		8
1683		0
1684		20.8
1685		0
1686		7.66667
1687		0
1688		23
1689		8
1690		24
1691		0
1692		8
1693		9.33333
1694		8
1695		0
1696		0
1697		24.25
1698		8
1699		0
1700		9
1701		8
1702		8
1703		6
1704		29.3333
1705		7.5
1706		10
1707		0
1708		22
1709		7.66667
1710		40
1711		8
1712		8
1713		10
1714		21.5
1715		7.5
1716		0
1717		16.25
1718		0
1719		0
1720		8.4
1721		8
1722		7.75
1723		23
1724		40
1725		8
1726		0
1727		0
1728		7.5
1729		12.4286
1730		18
1731		8
1732		0
1733		10
1734		6
1735		0
1736		10.75
1737		8.75
1738		8.66667
1739		26
1740		0
1741		8
1742		8
1743		48
1744		7.5
1745		8
1746		7.5
1747		8
1748		45
1749		11.6667
1750		0
1751		8
1752		20.3333
1753		8.5
1754		9.5
1755		0
1756		10
1757		22.8
1758		8
1759		7
1760		7
1761		8
1762		14
1763		6
1764		19
1765		8
1766		21.6667
1767		8
1768		19.5
1769		7.5
1770		8
1771		8
1772		18
1773		8.6
1774		7
1775		0
1776		8
1777		8
1778		22.5
1779		7
1780		9.66667
1781		15.1667
1782		8
1783		0
1784		16.6667
1785		0
1786		9.5
1787		8
1788		21.3333
1789		17.3333
1790		0
1791		0
1792		7.75
1793		11.3333
1794		20
1795		36
1796		7.5
1797		0
1798		6
1799		0
1800		19.3333
1801		15.2
1802		8
1803		0
1804		15
1805		0
1806		9.66667
1807		0
1808		25
1809		8
1810		9
1811		0
1812		7.66667
1813		26
1814		18.6667
1815		0
1816		8
1817		7.66667
1818		0
1819		0
1820		15.2
1821		15
1822		8
1823		0
1824		21.5
1825		8
1826		11.5
1827		0
1828		17
1829		8
1830		8
1831		36
1832		7.33333
1833		13
1834		16.5
1835		0
1836		21.5
1837		7.6
1838		0
1839		0
1840		10.25
1841		17.25
1842		7
1843		8
1844		8
1845		15.5
1846		12.5
1847		6
1848		17
1849		8
1850		8
1851		6
1852		17.6667
1853		14
1854		15.4
1855		8
1856		22.5
1857		7.66667
1858		0
1859		8
1860		14.5
1861		15.6
1862		7.33333
1863		23
1864		8
1865		8
1866		10.5
1867		11
1868		24.75
1869		8
1870		7.66667
1871		0
1872		7
1873		16
1874		19.25
1875		8
1876		8
1877		15
1878		8.5
1879		0
1880		11.75
1881		18.3333
1882		7
1883		7
1884		41
1885		7.33333
1886		11.5
1887		6
1888		15.5
1889		7.66667
1890		23.5
1891		8
1892		7.5
1893		10.5
1894		18
1895		8
1896		18.3333
1897		6
1898		8
1899		0
1900		17
1901		15.2
1902		8
1903		0
1904		8
1905		18
1906		10.5
1907		6
1908		17.25
1909		8
1910		8.5
1911		0
1912		7
1913		10.6667
1914		24.5
1915		8
1916		8
1917		8
1918		8
1919		0
1920		10.6
1921		14
1922		6
1923		23.5
1924		0
1925		8
1926		10.3333
1927		0
1928		21.6
1929		8
1930		8
1931		0
1932		7.33333
1933		18
1934		17.25
1935		0
1936		19
1937		7.75
1938		0
1939		0
1940		8
1941		20.3333
1942		6.66667
1943		8
1944		9
1945		8
1946		0
1947		0
1948		24
1949		8
1950		21.6667
1951		8
1952		8.5
1953		12
1954		40
1955		0
1956		49
1957		7
1958		0
1959		0
1960		17
1961		17.25
1962		12
1963		9
1964		8
1965		9
1966		0
1967		0
1968		18.3333
1969		18
1970		8
1971		8
1972		10
1973		8
1974		31
1975		0
1976		8
1977		7.5
1978		11
1979		0
1980		7.33333
1981		16.2
1982		0
1983		9
1984		41
1985		9.25
1986		0
1987		8
1988		15.4
1989		8
1990		24
1991		8
1992		13
1993		8
1994		15
1995		0
1996		19
1997		8
1998		10.5
1999		9
2000		12.5
2001		10.2
2002		8
2003		25.5
2004		8
2005		17.25
2006		0
2007		8
2008		9.75
2009		8
2010		7.5
2011		8
2012		44
2013		7.66667
2014		9.25
2015		0
2016		18.25
2017		8
2018		8
2019		0
2020		7
2021		17.4
2022		8
2023		46
2024		8
2025		9.66667
2026		0
2027		0
2028		28.75
2029		8
2030		8.5
2031		0
2032		18
2033		8
2034		20
2035		0
2036		7
2037		14.6
2038		9.33333
2039		7
2040		8
2041		19
2042		8
2043		9
2044		16.6667
2045		9.33333
2046		6
2047		8
2048		17.25
2049		8.33333
2050		34
2051		8
2052		9
2053		8
2054		19.3333
2055		0
2056		8
2057		17.3333
2058		11
2059		11
2060		8
2061		16
2062		0
2063		9
2064		14.75
2065		11.5
2066		6
2067		8
2068		27.6667
2069		8.75
2070		9
2071		8
2072		9.8
2073		0
2074		8.66667
2075		24
2076		9.5
2077		8
2078		10
2079		10
2080		8
2081		20.75
2082		9.5
2083		8
2084		26.5
2085		10.6667
2086		8.5
2087		7.33333
2088		41.5
2089		8
2090		7
2091		10
2092		9.4
2093		7.5
2094		18.6667
2095		0
2096		6
2097		27
2098		9.33333
2099		10
2100		7
2101		14.6667
2102		0
2103		0
2104		27.5
2105		11.6667
2106		7
2107		8
2108		14.4
2109		8
2110		28
2111		6
2112		11
2113		7.5
2114		17.6667
2115		7
2116		18.6667
2117		6
2118		10
2119		6
2120		10
2121		14.2
2122		8
2123		8
2124		6
2125		11.3333
2126		19.6667
2127		8
2128		18.3333
2129		9.66667
2130		0
2131		0
2132		15.6667
2133		7.33333
2134		18.6667
2135		7
2136		11
2137		18.6667
2138		10.5
2139		0
2140		7.25
2141		13.3333
2142		10
2143		8
2144		0
2145		8.5
2146		24
2147		8
2148		12
2149		9.75
2150		8
2151		0
2152		20
2153		11.3333
2154		12
2155		19
2156		10.6667
2157		8
2158		11
2159		7
2160		10
2161		16
2162		9.25
2163		8
2164		27
2165		10
2166		6
2167		8
2168		21
2169		12.5
2170		9
2171		7
2172		6
2173		8.6
2174		24
2175		45
2176		13
2177		7.33333
2178		8
2179		0
2180		20.3333
2181		14
2182		12
2183		0
2184		40
2185		8
2186		8
2187		0
2188		12.4286
2189		19.6667
2190		12.5
2191		11.5
2192		0
2193		8
2194		23.5
2195		0
2196		10.75
2197		9.66667
2198		22
2199		8
2200		8
2201		20.3333
2202		7
2203		0
2204		9.5
2205		9.5
2206		8
2207		39
2208		23
2209		8.25
2210		11.3333
2211		0
2212		19
2213		8
2214		40
2215		0
2216		15.75
2217		9.75
2218		8
2219		8
2220		8
2221		14.4
2222		8
2223		37
2224		9.5
2225		8
2226		8
2227		0
2228		22.25
2229		8.75
2230		11
2231		8
2232		7.33333
2233		8
2234		37
2235		0
2236		8
2237		11
2238		7.66667
2239		8
2240		9
2241		21.2
2242		0
2243		9
2244		11
2245		7.5
2246		8
2247		0
2248		23
2249		9
2250		16
2251		8
2252		21.5
2253		8
2254		40
2255		9
2256		10
2257		21
2258		8.25
2259		18
2260		0
2261		14.25
2262		9.66667
2263		25
2264		7
2265		7.5
2266		11.3333
2267		8
2268		19.5
2269		10
2270		8
2271		10
2272		22.25
2273		11.6667
2274		11
2275		0
2276		15.25
2277		9
2278		0
2279		8
2280		7.5
2281		18
2282		9.75
2283		0
2284		8
2285		8
2286		0
2287		28
2288		17
2289		10
2290		8
2291		0
2292		17.5
2293		10
2294		26
2295		0
2296		12.5
2297		8.33333
2298		8
2299		0
2300		23
2301		21
2302		10.25
2303		0
2304		8
2305		10.1429
2306		8
2307		13
2308		19.6667
2309		10
2310		7.33333
2311		0
2312		12
2313		7.5
2314		25
2315		8
2316		9.66667
2317		8.33333
2318		13
2319		0
2320		8
2321		16.25
2322		7.66667
2323		22
2324		8
2325		7.33333
2326		8
2327		0
2328		18.3333
2329		7.66667
2330		8
2331		0
2332		8.5
2333		26
2334		18.6667
2335		0
2336		8
2337		8.75
2338		10
2339		0
2340		15
2341		24
2342		0
2343		9
2344		15
2345		8
2346		8
2347		0
2348		18.6667
2349		10.5
2350		12
2351		8
2352		8
2353		12
2354		23
2355		0
2356		9
2357		9.66667
2358		6
2359		8
2360		15.75
2361		8.5
2362		8
2363		25.5
2364		13.75
2365		8
2366		8
2367		0
2368		7.4
2369		14.3333
2370		9.66667
2371		8
2372		26
2373		8
2374		8
2375		6
2376		12.2
2377		11.5
2378		7
2379		8
2380		16.5
2381		18
2382		8
2383		8
2384		10
2385		8
2386		8
2387		0
2388		17
2389		12.6
2390		11
2391		0
2392		8
2393		8
2394		27
2395		7
2396		8
2397		9.16667
2398		6
2399		8
2400		16.5
2401		21.3333
2402		8
2403		8.5
2404		10.6667
2405		12.5
2406		8
2407		0
2408		17.25
2409		8
2410		18
2411		17
2412		7.5
2413		8
2414		21
2415		0
2416		8
2417		10.75
2418		6
2419		7.5
2420		18.5
2421		14.2
2422		8
2423		0
2424		8.75
2425		8
2426		8
2427		22
2428		7.66667
2429		8
2430		17.3333
2431		0
2432		8
2433		7.83333
2434		40
2435		8
2436		15.5
2437		12
2438		7.33333
2439		7
2440		26.3333
2441		8
2442		8
2443		0
2444		8.66667
2445		8
2446		14
2447		9
2448		7.5
2449		19
2450		8
2451		0
2452		6
2453		13.75
2454		0
2455		8
2456		9.4
2457		9.33333
2458		26
2459		0
2460		0
2461		7.75
2462		16.3333
2463		0
2464		16
2465		8
2466		0
2467		9
2468		35
2469		8
2470		8.2
2471		0
2472		20
2473		18.5
2474		0
2475		8
2476		6
2477		9.33333
2478		15.6667
2479		0
2480		9.66667
2481		0
2482		28
2483		10
2484		10.5
2485		8
2486		10.5
2487		9
2488		31
2489		8
2490		6
2491		8
2492		35
2493		10.25
2494		6
2495		8
2496		16.6667
2497		21.6667
2498		8
2499		0
2500		11.5
2501		8
2502		8
2503		21.5
2504		17.25
2505		8
2506		12
2507		0
2508		20.5
2509		8
2510		46
2511		9
2512		14
2513		12.5
2514		7
2515		8
2516		10.5
2517		26
2518		8
2519		8
2520		18.6667
2521		8.33333
2522		8
2523		6
2524		27
2525		0
2526		11.3333
2527		7
2528		0
2529		12.4
2530		24
2531		8
2532		10
2533		18
2534		9
2535		7.66667
2536		19
2537		16.5
2538		8
2539		0
2540		11
2541		6
2542		7.33333
2543		10
2544		40
2545		16.6667
2546		12.5
2547		0
2548		8.5
2549		8
2550		18
2551		8
2552		19.6667
2553		13.5
2554		6
2555		8
2556		7.66667
2557		13
2558		8
2559		42
2560		11.6667
2561		13.8
2562		12.5
2563		10
2564		9.5
2565		8
2566		11.3333
2567		0
2568		30
2569		8
2570		8.25
2571		8
2572		37
2573		12.3333
2574		7
2575		8
2576		7.25
2577		18.75
2578		7
2579		38
2580		14.5
2581		7.5
2582		8
2583		7
2584		30.6667
2585		8
2586		11.5
2587		0
2588		17.6667
2589		8
2590		46
2591		8
2592		8
2593		15.1667
2594		7
2595		8
2596		7.75
2597		22
2598		12
2599		33
2600		12
2601		7.66667
2602		8
2603		7
2604		22
2605		8
2606		11.25
2607		0
2608		22.5
2609		8
2610		17.25
2611		8
2612		0
2613		12
2614		6.66667
2615		23
2616		7
2617		16.4
2618		8
2619		0
2620		20
2621		7.5
2622		8
2623		17
2624		17.5
2625		8
2626		16.5
2627		7
2628		13
2629		8
2630		10.5
2631		24.5
2632		8
2633		16.8
2634		9
2635		9.5
2636		7
2637		21.3333
2638		8.5
2639		0
2640		14.4
2641		8
2642		8
2643		12
2644		21.1667
2645		8
2646		8.5
2647		0
2648		0
2649		13.6667
2650		21
2651		7.5
2652		8
2653		9.66667
2654		7
2655		8
2656		7.33333
2657		22
2658		9
2659		8
2660		15.6
2661		8
2662		0
2663		0
2664		31.6667
2665		8.75
2666		8.5
2667		9
2668		19
2669		12
2670		18.5
2671		18
2672		0
2673		9.5
2674		10
2675		8
2676		7
2677		15.2
2678		0
2679		8
2680		6.66667
2681		8
2682		11
2683		0
2684		19.8333
2685		0
2686		9
2687		7
2688		21
2689		9.66667
2690		24
2691		7
2692		8
2693		9
2694		8
2695		8
2696		7.5
2697		13.8333
2698		46
2699		8
2700		8.5
2701		8
2702		0
2703		0
2704		13.6667
2705		27.5
2706		8
2707		0
2708		8
2709		12
2710		25.5
2711		7
2712		28.5
2713		7.8
2714		0
2715		0
2716		7
2717		20.3333
2718		24
2719		8
2720		8
2721		8
2722		0
2723		0
2724		15.2
2725		25
2726		8
2727		10
2728		8
2729		8
2730		24.5
2731		6
2732		19
2733		8.75
2734		0
2735		8
2736		11
2737		18.6667
2738		7.33333
2739		8
2740		10
2741		17.25
2742		0
2743		0
2744		18.6667
2745		9.66667
2746		8.66667
2747		9
2748		43
2749		8
2750		19
2751		7
2752		18.6667
2753		9.66667
2754		8
2755		6
2756		9
2757		23.5
2758		8
2759		7.5
2760		11
2761		9
2762		7
2763		0
2764		29.6667
2765		7.66667
2766		9.33333
2767		8
2768		18.6667
2769		7.5
2770		24
2771		6
2772		7.33333
2773		10.3333
2774		8
2775		34
2776		8
2777		16
2778		8
2779		0
2780		10.6667
2781		14.75
2782		6
2783		0
2784		24.5
2785		7.8
2786		8.33333
2787		0
2788		18.3333
2789		8
2790		19
2791		6.5
2792		7
2793		8.8
2794		22
2795		0
2796		8
2797		18.3333
2798		8
2799		8
2800		10.3333
2801		7.66667
2802		0
2803		0
2804		23.5
2805		8
2806		9.5
2807		43
2808		8
2809		8
2810		23
2811		0
2812		18.6667
2813		8
2814		7.5
2815		0
2816		0
2817		23.5
2818		8
2819		0
2820		26
2821		8
2822		8
2823		6
2824		23.5
2825		8
2826		44
2827		0
2828		8
2829		8
2830		40
2831		8
2832		26
2833		7
2834		0
2835		0
2836		14.5
2837		20.3333
2838		0
2839		0
2840		8
2841		8
2842		0
2843		38
2844		19.3333
2845		8
2846		9
2847		0
2848		0
2849		8
2850		40
2851		0
2852		16
2853		10.5
2854		8
2855		0
2856		22
2857		26.5
2858		0
2859		0
2860		13.6667
2861		8.33333
2862		0
2863		13
2864		27
2865		8
2866		8.75
2867		0
2868		31
2869		8.16667
2870		40
2871		8
2872		7
2873		21.5
2874		8
2875		6
2876		8.66667
2877		20.3333
2878		8
2879		29
2880		12
2881		8
2882		0
2883		8
2884		18.2
2885		7.6
2886		12
2887		0
2888		0
2889		8
2890		6
2891		41
2892		7
2893		13
2894		8
2895		11
2896		0
2897		40
2898		8
2899		0
2900		14
2901		8
2902		11
2903		8
2904		35
2905		7
2906		11
2907		0
2908		14.6667
2909		8
2910		24
2911		14
2912		7
2913		13.8
2914		8
2915		0
2916		7
2917		8
2918		0
2919		25
2920		18
2921		8
2922		8
2923		0
2924		17
2925		0
2926		10.3333
2927		6
2928		26
2929		13.6667
2930		8
2931		0
2932		7
2933		12.5
2934		8
2935		25
2936		7.66667
2937		20.3333
2938		0
2939		0
2940		11
2941		7.33333
2942		16
2943		0
2944		21
2945		8
2946		13
2947		0
2948		13.3333
2949		9
2950		27
2951		7
2952		15
2953		12.6667
2954		8
2955		0
2956		11.5
2957		27.5
2958		0
2959		8
2960		14.5
2961		8
2962		10
2963		0
2964		15.4
2965		13.5
2966		14
2967		0
2968		9.5
2969		8
2970		25
2971		7
2972		7
2973		12.75
2974		8.5
2975		0
2976		8
2977		18.6667
2978		26
2979		8
2980		12
2981		9
2982		8
2983		0
2984		17.2
2985		8
2986		14
2987		0
2988		8
2989		8
2990		40
2991		7
2992		7.6
2993		22.3333
2994		7
2995		8
2996		0
2997		16
2998		0
2999		8
3000		13.5714
3001		8
3002		8
3003		0
3004		20.5
3005		8
3006		13.6667
3007		0
3008		8
3009		8
3010		18
3011		0
3012		7.33333
3013		19
3014		7
3015		8
3016		8
3017		16
3018		8
3019		0
3020		18.5
3021		8
3022		8
3023		0
3024		18
3025		8
3026		19.6667
3027		0
3028		8
3029		8
3030		15.5
3031		31
3032		7.33333
3033		14
3034		8
3035		0
3036		30
3037		12.4286
3038		8
3039		8
3040		19.6667
3041		8
3042		0
3043		0
3044		15.5
3045		8
3046		19
3047		8
3048		10
3049		8
3050		24.5
3051		7
3052		7.33333
3053		14
3054		8
3055		0
3056		0
3057		15
3058		0
3059		8
3060		17.75
3061		7.66667
3062		0
3063		0
3064		19.4
3065		8
3066		13
3067		0
3068		0
3069		14.3333
3070		17.25
3071		0
3072		7.5
3073		14
3074		8
3075		0
3076		28
3077		15.4
3078		7.33333
3079		8
3080		12.25
3081		8
3082		28
3083		6
3084		17.25
3085		7.66667
3086		11.75
3087		0
3088		8
3089		12.75
3090		15
3091		0
3092		7.33333
3093		12.5
3094		8
3095		0
3096		30
3097		14
3098		7.5
3099		0
3100		14
3101		8
3102		8
3103		6
3104		33
3105		7.75
3106		11
3107		6
3108		8
3109		7.75
3110		33
3111		8
3112		7
3113		12
3114		8
3115		8
3116		6.66667
3117		17.25
3118		0
3119		29
3120		13.5
3121		8
3122		8
3123		0
3124		18.4
3125		7.33333
3126		12.5
3127		0
3128		8
3129		8
3130		19.6667
3131		0
3132		18
3133		11
3134		8
3135		0
3136		0
3137		22.5
3138		8
3139		9
3140		12.3333
3141		8
3142		0
3143		0
3144		35
3145		7.66667
3146		13.5
3147		8
3148		11
3149		8
3150		35
3151		0
3152		7
3153		22
3154		8.5
3155		0
3156		7
3157		20.3333
3158		0
3159		9
3160		15.5
3161		8
3162		0
3163		0
3164		18.3333
3165		8
3166		23
3167		8
3168		8
3169		9
3170		40
3171		0
3172		6.66667
3173		25.6667
3174		0
3175		11
3176		8
3177		23.5
3178		0
3179		0
3180		25
3181		8
3182		11
3183		8
3184		26
3185		9
3186		17
3187		7
3188		8.5
3189		11.6667
3190		8
3191		24
3192		6.5
3193		26
3194		8
3195		8
3196		52
3197		17
3198		0
3199		8
3200		14.3333
3201		8
3202		11
3203		0
3204		20.3333
3205		32
3206		11
3207		10
3208		8
3209		8
3210		20.3333
3211		0
3212		18.5
3213		8
3214		8.5
3215		8
3216		50
3217		27
3218		10
3219		7.5
3220		17.75
3221		9.5
3222		8
3223		22.5
3224		6
3225		8
3226		8
3227		8
3228		18.3333
3229		8
3230		0
3231		8
3232		22.75
3233		8
3234		9.5
3235		7
3236		19.5
3237		8
3238		0
3239		0
3240		8
3241		14.6667
3242		8
3243		20.5
3244		8
3245		9.5
3246		0
3247		0
3248		15.8
3249		13
3250		7.5
3251		0
3252		10
3253		8
3254		20.6667
3255		0
3256		14
3257		8
3258		8.66667
3259		0
3260		0
3261		17.5
3262		16
3263		8
3264		7.33333
3265		9
3266		8
3267		6
3268		24.25
3269		8
3270		7.66667
3271		0
3272		14
3273		8
3274		16.5
3275		8
3276		8
3277		13.5
3278		10
3279		7.5
3280		0
3281		16.2857
3282		7.33333
3283		8
3284		8
3285		10.3333
3286		7.5
3287		18.5
3288		20
3289		7.5
3290		8
3291		0
3292		8
3293		8
3294		18.4
3295		0
3296		8
3297		8
3298		0
3299		9
3300		22.5
3301		14.3333
3302		7.5
3303		8
3304		17
3305		8
3306		0
3307		23.5
3308		10
3309		10
3310		16.5
3311		23
3312		8
3313		17
3314		28
3315		8.5
3316		10.5
3317		16.25
3318		8
3319		8
3320		22.6667
3321		12.5
3322		6
3323		8
3324		7
3325		8
3326		10.5
3327		7
3328		10
3329		22.3333
3330		8
3331		7
3332		8
3333		13.5
3334		10.6667
3335		8
3336		18.6667
3337		8
3338		31
3339		8
3340		8
3341		11.4
3342		23.5
3343		7.5
3344		7.66667
3345		11
3346		8
3347		0
3348		10.25
3349		16
3350		7
3351		8
3352		70
3353		8
3354		10
3355		0
3356		19
3357		8
3358		8.5
3359		39
3360		0
3361		11
3362		18
3363		8
3364		7.5
3365		71
3366		7.5
3367		8
3368		10.2
3369		15.75
3370		8
3371		0
3372		7
3373		0
3374		21.4
3375		23
3376		8
3377		8
3378		0
3379		0
3380		8
3381		33.3333
3382		18
3383		8
3384		11
3385		0
3386		12
3387		0
3388		15.4
3389		7.5
3390		8
3391		26.5
3392		8
3393		0
3394		7
3395		0
3396		20
3397		16.1429
3398		0
3399		8
3400		25
3401		0
3402		6
3403		0
3404		9.75
3405		8
3406		23.75
3407		19
3408		10
3409		8.5
3410		9
3411		8
3412		7.5
3413		7.75
3414		8
3415		27
3416		13.5
3417		9.25
3418		8
3419		8
3420		0
3421		8.66667
3422		7
3423		56
3424		18
3425		8
3426		8
3427		0
3428		7
3429		55
3430		9.2
3431		0
3432		7
3433		18.75
3434		8
3435		6
3436		19.5
3437		12
3438		8
3439		8
3440		0
3441		9
3442		31.5
3443		8
3444		10.2
3445		20
3446		8
3447		0
3448		28
3449		7
3450		9.6
3451		0
3452		24
3453		8
3454		8
3455		9
3456		7
3457		19
3458		8
3459		19
3460		0
3461		8.6
3462		0
3463		0
3464		17
3465		25
3466		8
3467		0
3468		8
3469		8
3470		27.5
3471		0
3472		19.6667
3473		8
3474		8
3475		0
3476		16
3477		15.4
3478		8
3479		0
3480		7
3481		8.5
3482		8
3483		38
3484		14.6
3485		9.25
3486		9
3487		0
3488		7.5
3489		18.3333
3490		19.6667
3491		8
3492		11
3493		8.28571
3494		8
3495		0
3496		22.5
3497		18.6667
3498		7
3499		8
3500		9.5
3501		8
3502		23.5
3503		0
3504		24
3505		8
3506		9.2
3507		0
3508		23
3509		7.33333
3510		40
3511		0
3512		37
3513		8.75
3514		7
3515		8
3516		7.33333
3517		18.6667
3518		0
3519		38
3520		9.5
3521		8
3522		8
3523		0
3524		18.6667
3525		8
3526		9.66667
3527		0
3528		8
3529		13.3333
3530		40
3531		9
3532		0
3533		10
3534		7.33333
3535		23.5
3536		9.33333
3537		15
3538		0
3539		8
3540		20
3541		0
3542		8
3543		0
3544		14.1667
3545		8
3546		13.6667
3547		0
3548		8
3549		8
3550		9
3551		19
3552		45
3553		11.8333
3554		7.33333
3555		8
3556		19
3557		20.3333
3558		8
3559		8
3560		11.5
3561		8
3562		9
3563		0
3564		17.5
3565		18
3566		13
3567		10
3568		8
3569		8
3570		17
3571		9
3572		43
3573		9.66667
3574		7
3575		8
3576		15.5
3577		21
3578		8
3579		8
3580		20.6667
3581		8
3582		8
3583		9
3584		14.1667
3585		8
3586		14
3587		37
3588		8
3589		8
3590		15.5
3591		0
3592		8.33333
3593		16
3594		7
3595		8
3596		9
3597		15.75
3598		8
3599		7
3600		7.33333
3601		7
3602		18.3333
3603		6
3604		24
3605		8
3606		7.5
3607		7.5
3608		23
3609		8.25
3610		18.6667
3611		8
3612		37
3613		8.33333
3614		7
3615		7.5
3616		8
3617		17.25
3618		22.5
3619		0
3620		7.66667
3621		7.66667
3622		8
3623		10.5
3624		18.3333
3625		15.75
3626		8
3627		0
3628		8
3629		8.5
3630		24.5
3631		8
3632		15.25
3633		9.5
3634		8
3635		17
3636		34
3637		17.25
3638		8
3639		0
3640		13
3641		9.33333
3642		8
3643		8
3644		24
3645		16
3646		8.5
3647		0
3648		8
3649		13.75
3650		24
3651		7
3652		8
3653		15
3654		8
3655		0
3656		7
3657		14.4
3658		8
3659		8
3660		14.3333
3661		9.33333
3662		8
3663		0
3664		24
3665		8.25
3666		8.5
3667		30
3668		9.4
3669		8
3670		24
3671		0
3672		0
3673		13.75
3674		9.5
3675		8
3676		7
3677		14.3333
3678		0
3679		0
3680		0
3681		9.66667
3682		13.75
3683		7
3684		14.4
3685		8
3686		0
3687		0
3688		16
3689		7.33333
3690		18.6667
3691		8
3692		14
3693		8.33333
3694		9
3695		0
3696		15
3697		13.3333
3698		0
3699		9
3700		0
3701		8.25
3702		8.66667
3703		19
3704		24
3705		7.75
3706		0
3707		8
3708		6.5
3709		18.3333
3710		15.75
3711		0
3712		7.66667
3713		8.5
3714		0
3715		10
3716		16
3717		8.66667
3718		8
3719		42
3720		9
3721		8.33333
3722		12
3723		20
3724		9
3725		8.66667
3726		8
3727		0
3728		26
3729		10.3333
3730		8.66667
3731		0
3732		12.5
3733		7.66667
3734		8
3735		0
3736		0
3737		18.75
3738		8.5
3739		16.6667
3740		8
3741		8.33333
3742		0
3743		0
3744		13
3745		15
3746		14.5
3747		8
3748		9.5
3749		8
3750		13
3751		0
3752		22.2
3753		8
3754		8
3755		0
3756		9.5
3757		14
3758		10
3759		9.33333
3760		8
3761		27
3762		0
3763		0
3764		11.5
3765		10.6667
3766		7.5
3767		8.33333
3768		32.3333
3769		7.66667
3770		15
3771		0
3772		16.75
3773		8
3774		21
3775		0
3776		15.5
3777		11
3778		6
3779		8
3780		10
3781		15
3782		8
3783		38
3784		11
3785		7.5
3786		7
3787		6
3788		25.25
3789		8
3790		16.3333
3791		8
3792		15.6667
3793		8
3794		19.6667
3795		0
3796		8
3797		12.75
3798		15.6667
3799		9.33333
3800		8
3801		23.5
3802		0
3803		9
3804		19.3333
3805		7.25
3806		7
3807		0
3808		35.5
3809		8
3810		19
3811		7
3812		7.5
3813		13.5
3814		15.75
3815		0
3816		8
3817		14
3818		6
3819		15.3333
3820		11.6667
3821		8
3822		8
3823		42
3824		0
3825		7.33333
3826		10
3827		7
3828		8
3829		10.3333
3830		7
3831		6
3832		21.3333
3833		8
3834		8
3835		8
3836		41
3837		7.33333
3838		8
3839		7
3840		8
3841		27.5
3842		6
3843		18
3844		0
3845		26
3846		0
3847		8
3848		28.5
3849		0
3850		8.5
3851		8
3852		21.3333
3853		0
3854		46
3855		7
3856		20
3857		13
3858		8
3859		0
3860		24.5
3861		17.75
3862		0
3863		8
3864		10
3865		9.33333
3866		0
3867		0
3868		26
3869		16
3870		9.33333
3871		0
3872		8
3873		8
3874		28.6667
3875		7
3876		7
3877		7.33333
3878		8
3879		0
3880		16.3333
3881		18.3333
3882		0
3883		8
3884		8
3885		8
3886		0
3887		0
3888		18.3333
3889		14.4
3890		0
3891		0
3892		0
3893		8
3894		39
3895		7
3896		7.66667
3897		7.5
3898		0
3899		0
3900		22
3901		15.75
3902		0
3903		8
3904		22
3905		9
3906		0
3907		0
3908		40
3909		13.4
3910		9
3911		0
3912		10
3913		8.5
3914		20.3333
3915		7
3916		36
3917		7.5
3918		10
3919		0
3920		7
3921		19.6
3922		8
3923		7
3924		0
3925		9
3926		6
3927		8
3928		18.6667
3929		8
3930		18
3931		10
3932		10
3933		8
3934		18.6667
3935		0
3936		14.75
3937		8
3938		11
3939		8.5
3940		10
3941		13.1667
3942		0
3943		0
3944		8.66667
3945		14.8333
3946		6
3947		8
3948		24
3949		8
3950		9
3951		41
3952		9.5
3953		8
3954		16
3955		9
3956		40
3957		8
3958		10.25
3959		8
3960		19
3961		13.1667
3962		8
3963		0
3964		7.5
3965		11.25
3966		14.5
3967		7.33333
3968		18.6667
3969		8
3970		8
3971		0
3972		10.6
3973		15
3974		16
3975		7
3976		8
3977		16.6667
3978		12.3333
3979		0
3980		7
3981		12.4286
3982		0
3983		8
3984		14.25
3985		19
3986		8.75
3987		7
3988		18.6667
3989		8.66667
3990		0
3991		0
3992		18
3993		10.5
3994		14.4
3995		8
3996		9
3997		14
3998		20
3999		7
4000		0
4001		14.4
4002		11
4003		0
4004		18
4005		10.6
4006		9.5
4007		8
4008		18
4009		10
4010		8
4011		39
4012		11.6667
4013		7.33333
4014		16
4015		0
4016		16.75
4017		8.33333
4018		9.33333
4019		8
4020		35
4021		14.4
4022		13
4023		0
4024		8.5
4025		9.5
4026		18.3333
4027		7.33333
4028		23.5
4029		10
4030		8.5
4031		0
4032		8.66667
4033		17
4034		18.6667
4035		7.5
4036		13
4037		8
4038		9.5
4039		0
4040		18
4041		18.6667
4042		13.5
4043		8
4044		21.5
4045		11.25
4046		9.5
4047		20
4048		8.33333
4049		0
4050		8
4051		0
4052		10.6667
4053		13.6
4054		8
4055		7.5
4056		21.6667
4057		0
4058		10.6667
4059		0
4060		40
4061		8
4062		18.3333
4063		8
4064		9
4065		13
4066		23
4067		8
4068		7
4069		14.2
4070		8
4071		38
4072		10.5
4073		8
4074		7
4075		0
4076		19
4077		8
4078		22
4079		8
4080		7.5
4081		8
4082		24.5
4083		0
4084		8
4085		15.5
4086		6
4087		9
4088		7.5
4089		19.3333
4090		0
4091		0
4092		18.3333
4093		7.75
4094		8.5
4095		7.5
4096		22
4097		8
4098		6
4099		0
4100		8
4101		16.25
4102		24
4103		7.5
4104		8
4105		17
4106		0
4107		0
4108		11
4109		8
4110		8
4111		25
4112		21
4113		7.66667
4114		6
4115		0
4116		8.5
4117		18.3333
4118		8
4119		0
4120		20
4121		23.5
4122		8.66667
4123		12
4124		7
4125		8
4126		0
4127		0
4128		16.3333
4129		18
4130		0
4131		8
4132		16
4133		8
4134		9
4135		0
4136		15.3333
4137		8
4138		8
4139		0
4140		0
4141		12.8333
4142		28.5
4143		0
4144		8
4145		9
4146		8
4147		0
4148		22
4149		15
4150		8
4151		8
4152		14.4
4153		8
4154		8
4155		0
4156		21.4
4157		8
4158		8.8
4159		0
4160		12
4161		16.6667
4162		18
4163		0
4164		10.5
4165		9.4
4166		19.5
4167		0
4168		7
4169		15.4
4170		0
4171		7.66667
4172		13
4173		0
4174		8
4175		0
4176		20
4177		8
4178		10.6667
4179		8
4180		20.5
4181		9
4182		15.75
4183		0
4184		12
4185		17.6
4186		18
4187		11
4188		8
4189		18.3333
4190		8
4191		9
4192		7.5
4193		24.5
4194		8
4195		8
4196		18.3333
4197		8
4198		0
4199		8
4200		17.6667
4201		8.5
4202		18
4203		0
4204		9.5
4205		8
4206		0
4207		0
4208		8
4209		18
4210		8
4211		9
4212		8
4213		8
4214		0
4215		0
4216		20.1667
4217		8
4218		8
4219		8
4220		37
4221		0
4222		15.6
4223		0
4224		8
4225		8
4226		8
4227		38
4228		6
4229		20.6667
4230		7.33333
4231		8
4232		18.3333
4233		8.33333
4234		7
4235		0
4236		20.8
4237		8
4238		8
4239		0
4240		7.66667
4241		8
4242		24.25
4243		7
4244		8
4245		8
4246		0
4247		9
4248		16
4249		20.3333
4250		6
4251		8
4252		0
4253		8
4254		0
4255		8
4256		15.6
4257		15.25
4258		8
4259		0
4260		7
4261		8
4262		20.3333
4263		0
4264		18.3333
4265		7.8
4266		8
4267		0
4268		7
4269		17.75
4270		14.75
4271		7
4272		8
4273		8
4274		8
4275		6
4276		15.8
4277		15.5
4278		8
4279		8
4280		7
4281		8
4282		15.8
4283		8
4284		19
4285		7.66667
4286		0
4287		9
4288		8
4289		18.75
4290		7.2
4291		25
4292		8
4293		8.6
4294		0
4295		8
4296		18.75
4297		8
4298		13.5
4299		0
4300		9
4301		8
4302		23
4303		10
4304		8
4305		11.25
4306		0
4307		11
4308		8
4309		11.25
4310		8.66667
4311		16
4312		15.5
4313		8
4314		0
4315		8
4316		12
4317		7.75
4318		8
4319		15
4320		26
4321		10
4322		9
4323		59
4324		8
4325		9.5
4326		6
4327		8
4328		33.5
4329		21.6667
4330		10.5
4331		0
4332		17.6
4333		8
4334		8
4335		0
4336		36.6667
4337		9.8
4338		8
4339		7
4340		8
4341		50
4342		21
4343		0
4344		9
4345		8
4346		11
4347		13
4348		19.5
4349		12
4350		8
4351		49
4352		15.6667
4353		8
4354		8
4355		8
4356		16
4357		7.33333
4358		7
4359		0
4360		28.5
4361		8.5
4362		21
4363		0
4364		8
4365		8
4366		8
4367		7
4368		7
4369		21.8
4370		8
4371		0
4372		8
4373		8
4374		0
4375		8.5
4376		19.8
4377		8
4378		8
4379		0
4380		18.5
4381		0
4382		26
4383		8
4384		8.5
4385		8
4386		0
4387		30
4388		8
4389		47
4390		8
4391		0
4392		13.75
4393		13
4394		0
4395		8
4396		45
4397		8
4398		0
4399		0
4400		10
4401		16
4402		24
4403		0
4404		7
4405		8
4406		10
4407		32
4408		6
4409		18.6667
4410		8
4411		0
4412		6
4413		16.25
4414		8
4415		0
4416		19
4417		7.5
4418		0
4419		0
4420		9.4
4421		8
4422		20.3333
4423		7
4424		22.5
4425		8
4426		10
4427		0
4428		8
4429		14.2
4430		8
4431		8
4432		7
4433		8.66667
4434		6.66667
4435		8
4436		40
4437		8
4438		45
4439		0
4440		8.25
4441		8
4442		16
4443		7
4444		26
4445		0
4446		8
4447		9
4448		8
4449		13
4450		0
4451		8
4452		8
4453		28
4454		6
4455		8
4456		23.5
4457		8
4458		47
4459		0
4460		7
4461		0
4462		16
4463		7
4464		7.5
4465		27.5
4466		0
4467		0
4468		7.66667
4469		40
4470		0
4471		8.5
4472		15
4473		8
4474		6
4475		0
4476		24
4477		9.5
4478		9
4479		8
4480		8
4481		16.2
4482		24
4483		0
4484		10
4485		8.33333
4486		8
4487		43
4488		9
4489		15.75
4490		8.66667
4491		0
4492		41
4493		8
4494		13
4495		0
4496		14.2
4497		8.83333
4498		8.5
4499		0
4500		0
4501		21.6667
4502		23
4503		8
4504		10
4505		8.14286
4506		8
4507		0
4508		19
4509		24
4510		7.5
4511		0
4512		24
4513		7.85714
4514		0
4515		0
4516		20.2
4517		7.66667
4518		8.33333
4519		0
4520		7.66667
4521		17.3333
4522		40
4523		0
4524		8
4525		8
4526		8
4527		20.5
4528		8
4529		19
4530		0
4531		0
4532		14.25
4533		8
4534		7
4535		8
4536		26
4537		11.5
4538		9
4539		0
4540		8
4541		15.3333
4542		8
4543		41
4544		8
4545		9
4546		8.5
4547		0
4548		19.5
4549		19
4550		8
4551		8
4552		9.33333
4553		9
4554		15.6667
4555		0
4556		40
4557		8
4558		15.3333
4559		8
4560		7.33333
4561		7.33333
4562		24
4563		0
4564		7
4565		8
4566		6.5
4567		20
4568		8
4569		14.8
4570		0
4571		0
4572		12.6
4573		8.75
4574		7.75
4575		6
4576		40
4577		8
4578		9.5
4579		0
4580		11.2857
4581		8
4582		18.3333
4583		7.5
4584		31
4585		9.5
4586		7.66667
4587		8
4588		8
4589		12.7143
4590		10
4591		8
4592		9
4593		8
4594		14.75
4595		0
4596		23.5
4597		8
4598		10
4599		0
4600		18
4601		8
4602		24
4603		8
4604		8
4605		12
4606		6
4607		8
4608		8
4609		20.2
4610		0
4611		8
4612		10
4613		8
4614		8
4615		0
4616		18
4617		8
4618		14
4619		0
4620		8
4621		7.66667
4622		39.5
4623		7
4624		8
4625		15
4626		6
4627		8
4628		23.5
4629		15.75
4630		0
4631		8.5
4632		16.75
4633		9
4634		8
4635		0
4636		18.3333
4637		17.3333
4638		16
4639		8
4640		9.5
4641		8.25
4642		26.5
4643		36
4644		8
4645		12.5
4646		9.25
4647		7.5
4648		13.75
4649		17.25
4650		8
4651		0
4652		12
4653		9
4654		8
4655		8.5
4656		14.1667
4657		22.5
4658		18
4659		0
4660		10.5
4661		8.66667
4662		17
4663		37
4664		7.75
4665		14
4666		9.5
4667		7.5
4668		22.5
4669		13.1667
4670		8.33333
4671		0
4672		9.25
4673		9.66667
4674		8
4675		7.5
4676		20.3333
4677		7.66667
4678		28
4679		0
4680		10.5
4681		8
4682		19
4683		7.5
4684		24.5
4685		12
4686		10.5
4687		8.5
4688		8
4689		18.3333
4690		8.5
4691		8
4692		11.5
4693		10.3333
4694		20.3333
4695		8
4696		17.75
4697		7.5
4698		0
4699		7
4700		17
4701		15.4
4702		16.75
4703		7
4704		8
4705		8
4706		11.5
4707		13
4708		18
4709		15.5
4710		7.5
4711		8
4712		41
4713		12.5
4714		8
4715		8
4716		21.3333
4717		9
4718		9
4719		24.5
4720		11
4721		0
4722		18.3333
4723		0
4724		11
4725		15.75
4726		9.66667
4727		8
4728		13
4729		34
4730		11
4731		0
4732		13.4
4733		10.25
4734		18
4735		17.6667
4736		8
4737		15
4738		12
4739		14
4740		8
4741		17.2
4742		24
4743		8
4744		16
4745		7
4746		9.2
4747		6
4748		23.2
4749		8
4750		0
4751		0
4752		7.33333
4753		7.5
4754		10
4755		20
4756		8
4757		24.5
4758		6
4759		0
4760		24.5
4761		10
4762		8
4763		8
4764		7
4765		8
4766		20
4767		6
4768		10
4769		8.75
4770		46
4771		0
4772		25.5
4773		7.5
4774		9
4775		8
4776		8.8
4777		11
4778		8
4779		45
4780		0
4781		16.4
4782		10
4783		0
4784		17.75
4785		8
4786		0
4787		0
4788		10
4789		8
4790		21
4791		8
4792		8
4793		18
4794		10
4795		0
4796		15.4
4797		7
4798		8
4799		46
4800		8
4801		9
4802		8.5
4803		0
4804		7.33333
4805		21.3333
4806		43
4807		8
4808		10.3333
4809		7.5
4810		8
4811		0
4812		20.6667
4813		20.3333
4814		11
4815		10
4816		8.5
4817		8
4818		27
4819		0
4820		17.25
4821		15
4822		16
4823		8.5
4824		7.5
4825		26
4826		0
4827		7
4828		11
4829		10.5
4830		23.3333
4831		22.6667
4832		8
4833		10.3333
4834		14
4835		8
4836		7
4837		8.5
4838		25
4839		8
4840		11
4841		11.5
4842		8.5
4843		0
4844		18
4845		7.5
4846		15
4847		31.5
4848		10.3333
4849		0
4850		8
4851		0
4852		53
4853		19.3333
4854		12
4855		8
4856		9
4857		9
4858		0
4859		0
4860		16
4861		22
4862		26
4863		0
4864		8
4865		10.25
4866		0
4867		0
4868		26.2
4869		7.66667
4870		8
4871		0
4872		23.6667
4873		8
4874		13
4875		7
4876		8
4877		25
4878		11
4879		0
4880		10
4881		9.75
4882		0
4883		8.5
4884		30.6667
4885		10.3333
4886		6
4887		8
4888		14.6667
4889		8
4890		26.6667
4891		39
4892		8.33333
4893		8.33333
4894		10.6667
4895		0
4896		7.5
4897		24
4898		9
4899		12
4900		19
4901		8.75
4902		0
4903		0
4904		26
4905		9.25
4906		18.6667
4907		9
4908		0
4909		8
4910		42
4911		0
4912		17
4913		9.66667
4914		11
4915		7
4916		0
4917		23.5
4918		6
4919		0
4920		12
4921		14
4922		8
4923		22
4924		7
4925		9
4926		6
4927		0
4928		7.66667
4929		8.5
4930		23.5
4931		8
4932		9
4933		28
4934		7
4935		0
4936		23.5
4937		8
4938		9
4939		6
4940		17.75
4941		8
4942		8
4943		7
4944		0
4945		17
4946		46
4947		8
4948		8
4949		8.5
4950		0
4951		8
4952		27
4953		7.66667
4954		7.33333
4955		0
4956		29.5
4957		8
4958		26.5
4959		7
4960		7
4961		8
4962		22
4963		0
4964		7.66667
4965		18.5
4966		0
4967		8
4968		25
4969		9
4970		8
4971		0
4972		15.4
4973		8
4974		7.33333
4975		44
4976		0
4977		8
4978		16.5
4979		0
4980		7.5
4981		8
4982		8
4983		6
4984		7.5
4985		17
4986		8
4987		0
4988		28.5
4989		7
4990		0
4991		7
4992		17.5
4993		8
4994		25.5
4995		0
4996		0
4997		8
4998		20
4999		9.5
5000		25
5001		8
5002		8
5003		0
5004		6
5005		21.6667
5006		8
5007		27
5008		9
5009		8
5010		0
5011		0
5012		20.3333
5013		7.33333
5014		9
5015		0
5016		8
5017		9.33333
5018		19.6667
5019		0
5020		0
5021		23
5022		8
5023		11
5024		8.25
5025		20.6667
5026		8
5027		0
5028		7
5029		0
5030		49
5031		8
5032		15.8
5033		8
5034		0
5035		0
5036		8
5037		28
5038		14.6
5039		7
5040		15
5041		8
5042		0
5043		0
5044		21.3333
5045		10.6667
5046		8
5047		25
5048		21
5049		0
5050		12
5051		0
5052		12.5
5053		13.3333
5054		0
5055		0
5056		20
5057		0
5058		8
5059		36
5060		9.75
5061		8
5062		8
5063		0
5064		7
5065		29
5066		18.3333
5067		0
5068		8.33333
5069		8
5070		0
5071		0
5072		8
5073		11
5074		20.3333
5075		24
5076		9.5
5077		8
5078		0
5079		0
5080		22.4
5081		8
5082		8
5083		8
5084		7.5
5085		8
5086		12.5
5087		0
5088		8
5089		20.6667
5090		0
5091		9.5
5092		8.5
5093		40
5094		6.66667
5095		8
5096		7.5
5097		8
5098		51
5099		8
5100		15
5101		12
5102		8
5103		6
5104		30.6667
5105		8
5106		8
5107		0
5108		9.25
5109		12.2857
5110		0
5111		7.5
5112		0
5113		21.6667
5114		7.8
5115		0
5116		18
5117		8
5118		8
5119		8
5120		26
5121		9.25
5122		16
5123		0
5124		7.66667
5125		8
5126		46
5127		14
5128		19.3333
5129		9.75
5130		0
5131		8.5
5132		15.6667
5133		8.33333
5134		6
5135		27
5136		11.5
5137		8
5138		16.3333
5139		8
5140		8
5141		8
5142		11.5
5143		0
5144		26.5
5145		14.25
5146		8
5147		12
5148		8
5149		10.6667
5150		9
5151		7
5152		14.75
5153		22
5154		0
5155		8
5156		13.5
5157		8
5158		14.75
5159		8
5160		27.5
5161		8
5162		17
5163		0
5164		7.5
5165		15.4
5166		46
5167		8
5168		0
5169		8
5170		7.5
5171		10.5
5172		17.3333
5173		15.8
5174		0
5175		8
5176		9
5177		0
5178		17.6667
5179		8
5180		15.2
5181		9.5
5182		0
5183		0
5184		8
5185		9.5
5186		24
5187		40
5188		0
5189		8
5190		0
5191		13
5192		17.5
5193		24
5194		8
5195		0
5196		9
5197		8
5198		39
5199		0
5200		16.25
5201		11.5
5202		0
5203		10
5204		0
5205		15.75
5206		0
5207		41
5208		8
5209		8
5210		0
5211		8
5212		17.5
5213		18.6667
5214		7.5
5215		0
5216		8
5217		23.5
5218		0
5219		6
5220		18.6667
5221		8.6
5222		8
5223		0
5224		0
5225		8
5226		40
5227		8
5228		18
5229		8
5230		10
5231		0
5232		25
5233		23.5
5234		9
5235		0
5236		18.6667
5237		8
5238		8.5
5239		6
5240		18
5241		8
5242		8
5243		0
5244		8
5245		16.25
5246		39
5247		8
5248		8
5249		23.5
5250		0
5251		0
5252		7
5253		16
5254		8
5255		0
5256		13.2
5257		0
5258		9
5259		6
5260		24
5261		9
5262		8
5263		0
5264		23
5265		9
5266		24
5267		8
5268		9.5
5269		8
5270		38
5271		9
5272		9.33333
5273		18.6667
5274		8.33333
5275		0
5276		22
5277		8
5278		12
5279		10.5
5280		15.25
5281		8.8
5282		8
5283		0
5284		8
5285		20.6667
5286		23
5287		8
5288		9.66667
5289		8.33333
5290		0
5291		0
5292		15.4
5293		40
5294		8.6
5295		0
5296		23
5297		8
5298		14
5299		0
5300		12.8333
5301		9.75
5302		8
5303		0
5304		8
5305		21.3333
5306		23
5307		8
5308		10.3333
5309		8.4
5310		8
5311		0
5312		21.6667
5313		18.3333
5314		9
5315		0
5316		7
5317		8
5318		29
5319		0
5320		15.25
5321		8
5322		8.25
5323		38
5324		8
5325		13.5
5326		23
5327		8
5328		8
5329		8.4
5330		18.6667
5331		8
5332		8.66667
5333		18
5334		8
5335		0
5336		8.5
5337		7.75
5338		9.33333
5339		25.5
5340		18.6667
5341		8
5342		8
5343		0
5344		8
5345		15.6
5346		15
5347		8
5348		8.5
5349		8.5
5350		8
5351		0
5352		16
5353		8
5354		8
5355		24
5356		0
5357		8
5358		12
5359		13
5360		8
5361		13.6667
5362		8
5363		8
5364		44
5365		9
5366		7
5367		8
5368		20.3333
5369		8.25
5370		8
5371		0
5372		15
5373		27.5
5374		8
5375		6
5376		7
5377		15.25
5378		10.5
5379		0
5380		15.8
5381		15.25
5382		8
5383		6
5384		8
5385		8
5386		20
5387		21.5
5388		8
5389		7.8
5390		8
5391		8
5392		18.5
5393		17.5
5394		8
5395		0
5396		13.75
5397		8
5398		0
5399		0
5400		27
5401		8.25
5402		11
5403		9
5404		8
5405		8
5406		42
5407		0
5408		8
5409		12.8
5410		8
5411		8
5412		0
5413		15.75
5414		0
5415		31
5416		8
5417		8
5418		8
5419		0
5420		35
5421		8
5422		9
5423		0
5424		15.3333
5425		0
5426		40
5427		0
5428		10
5429		17.5
5430		8
5431		0
5432		8
5433		15.6
5434		0
5435		9
5436		18
5437		10.5
5438		8
5439		0
5440		16
5441		8
5442		18
5443		8
5444		11
5445		8
5446		19
5447		0
5448		7.33333
5449		15
5450		10
5451		0
5452		0
5453		14.5
5454		7
5455		8.5
5456		14.6667
5457		10.6667
5458		8
5459		0
5460		17.6667
5461		8
5462		13.5
5463		8
5464		8.66667
5465		8
5466		24
5467		0
5468		8
5469		13.75
5470		8.33333
5471		10
5472		8
5473		18.6667
5474		8
5475		0
5476		16
5477		9.25
5478		8
5479		8
5480		25.5
5481		8
5482		8.5
5483		0
5484		9.33333
5485		8
5486		40
5487		7
5488		8
5489		23.5
5490		9.4
5491		0
5492		7.5
5493		18.6667
5494		0
5495		8
5496		15.25
5497		10.5
5498		8
5499		0
5500		24
5501		9.33333
5502		9
5503		41
5504		9.2
5505		8
5506		40
5507		0
5508		10.5
5509		7.66667
5510		9
5511		0
5512		26
5513		24
5514		13
5515		0
5516		7
5517		9.16667
5518		26
5519		6
5520		24
5521		14
5522		6
5523		8
5524		22
5525		10
5526		0
5527		24.5
5528		17.5
5529		0
5530		9.2
5531		6
5532		22
5533		14.4
5534		11
5535		15
5536		6.66667
5537		11
5538		9
5539		8
5540		8
5541		20.6667
5542		18.6667
5543		8
5544		11.3333
5545		8.33333
5546		8
5547		6
5548		20
5549		0
5550		15.6
5551		0
5552		7
5553		8
5554		9
5555		21
5556		7.33333
5557		18.75
5558		8
5559		0
5560		8
5561		26
5562		6
5563		7.66667
5564		23
5565		8
5566		8
5567		0
5568		8.5
5569		8
5570		18.4
5571		15.5
5572		7
5573		8
5574		10
5575		0
5576		7.33333
5577		11.6667
5578		8
5579		22.6667
5580		0
5581		9
5582		8
5583		0
5584		15.5
5585		8
5586		7
5587		33
5588		18.25
5589		0
5590		8
5591		0
5592		32.5
5593		7
5594		7.5
5595		0
5596		7.5
5597		16.6
5598		0
5599		0
5600		57
5601		8
5602		6
5603		8
5604		25
5605		9
5606		9
5607		0
5608		18.5
5609		8
5610		28.5
5611		7
5612		8.75
5613		8.5
5614		8
5615		0
5616		6
5617		19.8333
5618		8.5
5619		8
5620		8
5621		8
5622		0
5623		0
5624		19.6667
5625		8.5
5626		8
5627		0
5628		0
5629		0
5630		30.6667
5631		6.5
5632		8.6
5633		8
5634		9
5635		0
5636		22
5637		20.3333
5638		7.75
5639		8
5640		36
5641		8
5642		0
5643		0
5644		15.4
5645		9.25
5646		7.8
5647		0
5648		7
5649		15.75
5650		27.5
5651		0
5652		9
5653		7.8
5654		22.5
5655		0
5656		8
5657		15.75
5658		8.25
5659		8.5
5660		18
5661		8.33333
5662		8
5663		9
5664		18
5665		9.75
5666		8
5667		8
5668		7
5669		24.5
5670		24
5671		0
5672		9.8
5673		7.8
5674		0
5675		0
5676		25
5677		18.3333
5678		9.25
5679		0
5680		8
5681		13.5
5682		0
5683		6
5684		18
5685		11
5686		8
5687		0
5688		18.3333
5689		8
5690		40
5691		8
5692		16.75
5693		8
5694		0
5695		0
5696		22
5697		14.6
5698		8.5
5699		0
5700		8
5701		21
5702		0
5703		0
5704		15.5
5705		9.33333
5706		8.33333
5707		33
5708		8
5709		8
5710		24
5711		0
5712		14
5713		8
5714		8
5715		0
5716		19.5
5717		16.25
5718		7.5
5719		0
5720		8
5721		8.25
5722		31
5723		6
5724		14.6
5725		8.5
5726		8
5727		0
5728		31
5729		8
5730		20
5731		8.5
5732		9.33333
5733		8
5734		0
5735		0
5736		8
5737		18.25
5738		13.4
5739		8
5740		8
5741		8
5742		0
5743		13
5744		17.8333
5745		9
5746		8
5747		0
5748		20.5
5749		8
5750		20.6667
5751		8
5752		9.2
5753		12
5754		10
5755		9
5756		8
5757		20.3333
5758		7.5
5759		8
5760		20.5
5761		8
5762		8
5763		10.5
5764		17.5
5765		10
5766		7.5
5767		0
5768		8
5769		0
5770		28.3333
5771		9
5772		7.75
5773		8
5774		8
5775		0
5776		14.5
5777		17.6667
5778		6
5779		16
5780		8
5781		11
5782		10
5783		13
5784		12.6
5785		7.66667
5786		8
5787		0
5788		26
5789		8
5790		8.25
5791		10
5792		7
5793		13.6
5794		0
5795		0
5796		8
5797		24.25
5798		7
5799		8
5800		7.5
5801		8
5802		8
5803		6
5804		19
5805		7.5
5806		8.5
5807		7
5808		33
5809		7
5810		19.3333
5811		8
5812		7.5
5813		8
5814		8
5815		8
5816		7
5817		24.5
5818		7
5819		0
5820		7.5
5821		21
5822		0
5823		6
5824		20
5825		7.75
5826		6
5827		0
5828		21
5829		8
5830		24
5831		7
5832		16.3333
5833		8
5834		8
5835		0
5836		8
5837		15.75
5838		8
5839		21
5840		9
5841		8.5
5842		0
5843		0
5844		19.3333
5845		8
5846		35
5847		0
5848		9.33333
5849		10
5850		40
5851		0
5852		21.5
5853		9
5854		8
5855		0
5856		9
5857		20.3333
5858		0
5859		9
5860		8
5861		8
5862		14.6
5863		0
5864		23.5
5865		8
5866		0
5867		8
5868		6.75
5869		17.25
5870		24
5871		0
5872		8
5873		23
5874		0
5875		11
5876		10
5877		12.25
5878		0
5879		0
5880		24.5
5881		0
5882		7.5
5883		8
5884		18.5
5885		7.66667
5886		8.5
5887		0
5888		8
5889		21
5890		16.5
5891		0
5892		7.8
5893		8.25
5894		8
5895		35
5896		6
5897		16.5
5898		7
5899		8
5900		20.5
5901		8.4
5902		0
5903		0
5904		15
5905		8.33333
5906		8.25
5907		0
5908		0
5909		15.25
5910		20.3333
5911		7
5912		8.25
5913		14.75
5914		8
5915		9
5916		6
5917		20.3333
5918		8
5919		8
5920		18.3333
5921		8.2
5922		0
5923		8
5924		17
5925		9.5
5926		13.8
5927		0
5928		8
5929		8
5930		18
5931		35
5932		7.5
5933		8.25
5934		8
5935		8.5
5936		20
5937		20.6667
5938		7
5939		8
5940		16.3333
5941		8.25
5942		0
5943		8
5944		15.6
5945		8
5946		8.33333
5947		0
5948		7.5
5949		17
5950		21.6667
5951		0
5952		8
5953		14.25
5954		8
5955		9
5956		8
5957		18.75
5958		7.33333
5959		8.5
5960		16.6667
5961		8
5962		0
5963		8
5964		16.6
5965		8
5966		8.25
5967		8
5968		17.3333
5969		8
5970		16.8
5971		0
5972		21
5973		8
5974		8
5975		9
5976		7
5977		23.6667
5978		7.33333
5979		8.5
5980		8
5981		9
5982		38
5983		8
5984		16.75
5985		8
5986		8
5987		8
5988		9.5
5989		18.3333
5990		17
5991		0
5992		8
5993		8
5994		0
5995		10
5996		15.25
5997		19.25
5998		8
5999		0
6000		38
6001		8
6002		0
6003		8
6004		13.2857
6005		10.3333
6006		26
6007		0
6008		0
6009		8
6010		10.5
6011		24
6012		9
6013		7.75
6014		8
6015		0
6016		6
6017		24
6018		8
6019		8
6020		26.5
6021		9.2
6022		0
6023		0
6024		30
6025		8
6026		7.5
6027		0
6028		9.33333
6029		8
6030		24
6031		7
6032		0
6033		20.6667
6034		9.66667
6035		0
6036		7.33333
6037		21.8
6038		0
6039		8
6040		0
6041		9.25
6042		6
6043		8
6044		20
6045		8
6046		9
6047		0
6048		20.5
6049		8
6050		15.25
6051		7
6052		16.6667
6053		8
6054		8.5
6055		0
6056		8
6057		17.3333
6058		8
6059		8.5
6060		8
6061		0
6062		19.5
6063		0
6064		24
6065		8.8
6066		0
6067		9
6068		20
6069		11
6070		40
6071		0
6072		8
6073		8
6074		9
6075		8
6076		10
6077		22.5
6078		9
6079		17
6080		10
6081		8
6082		8
6083		35
6084		24
6085		7.5
6086		0
6087		0
6088		21.5
6089		10.5
6090		26.5
6091		0
6092		20.5
6093		8
6094		0
6095		0
6096		15
6097		20.3333
6098		8
6099		0
6100		8
6101		8.33333
6102		14
6103		13
6104		14.8
6105		8
6106		34
6107		0
6108		11
6109		8
6110		23
6111		8
6112		14.5
6113		9.66667
6114		8
6115		0
6116		8
6117		20.3333
6118		8
6119		0
6120		8.8
6121		13.8
6122		0
6123		13
6124		18.3333
6125		9.66667
6126		17.3333
6127		9
6128		8
6129		8
6130		24
6131		8
6132		14.4
6133		10
6134		8
6135		8
6136		8
6137		15.2
6138		14
6139		37
6140		8.28571
6141		8
6142		0
6143		0
6144		40
6145		9
6146		8.25
6147		7.5
6148		8
6149		8.5
6150		24.5
6151		0
6152		11
6153		14.8333
6154		8
6155		9.5
6156		6.5
6157		23.5
6158		11
6159		0
6160		16.4
6161		7.66667
6162		9
6163		8
6164		18.6667
6165		9.5
6166		8.75
6167		7.5
6168		6
6169		16.4
6170		40
6171		7
6172		9
6173		27
6174		8
6175		8
6176		7
6177		24
6178		9
6179		8
6180		17.5
6181		10
6182		8
6183		0
6184		18.6667
6185		9
6186		7.5
6187		18.6667
6188		9
6189		8
6190		24
6191		0
6192		11
6193		8
6194		8
6195		8
6196		20
6197		18.6667
6198		11
6199		0
6200		7
6201		7.75
6202		23
6203		6
6204		15.75
6205		10
6206		6
6207		7.5
6208		0
6209		12
6210		8
6211		24.5
6212		29
6213		8.66667
6214		8
6215		8
6216		25
6217		24
6218		10
6219		15
6220		8
6221		8.33333
6222		8
6223		0
6224		8
6225		20
6226		14.6
6227		7.66667
6228		9.5
6229		19.6667
6230		8
6231		0
6232		24.5
6233		8.5
6234		8
6235		8
6236		18.6667
6237		0
6238		10
6239		7
6240		12.8333
6241		18
6242		8
6243		0
6244		8
6245		8.66667
6246		9
6247		7.33333
6248		19.6667
6249		15.75
6250		8
6251		0
6252		12
6253		9.2
6254		19.6667
6255		8
6256		18.3333
6257		8
6258		12
6259		0
6260		14.5
6261		17
6262		8
6263		0
6264		17
6265		8
6266		6
6267		7
6268		16.25
6269		15
6270		7
6271		0
6272		0
6273		12.6
6274		25
6275		8
6276		7.5
6277		8.6
6278		18.5
6279		0
6280		6.66667
6281		18.6667
6282		0
6283		9
6284		15
6285		8.33333
6286		6
6287		6
6288		18.6667
6289		8
6290		0
6291		8
6292		9.33333
6293		16.3333
6294		15.5
6295		8
6296		8
6297		0
6298		12
6299		0
6300		12.6
6301		18.6667
6302		8
6303		0
6304		0
6305		13
6306		6
6307		21.5
6308		14.8
6309		8.33333
6310		0
6311		0
6312		10
6313		12
6314		19.8
6315		0
6316		7.66667
6317		9.66667
6318		14
6319		0
6320		8
6321		16
6322		8
6323		24
6324		8.75
6325		11.3333
6326		6
6327		8
6328		39
6329		11.5
6330		8
6331		8
6332		11
6333		8
6334		7.33333
6335		41
6336		11
6337		17.25
6338		10.6667
6339		8.5
6340		8
6341		15.75
6342		8
6343		8
6344		25
6345		10
6346		6.5
6347		8
6348		15.2
6349		24.5
6350		0
6351		8
6352		7.33333
6353		7
6354		15.5
6355		0
6356		15.2
6357		10.5
6358		7
6359		0
6360		8
6361		16
6362		8
6363		9
6364		21.6667
6365		8.5
6366		7.66667
6367		8
6368		16.75
6369		20.25
6370		14
6371		7.33333
6372		6.5
6373		7.5
6374		23.5
6375		0
6376		7
6377		11.5
6378		8.25
6379		9
6380		22
6381		14.4
6382		0
6383		0
6384		10.6667
6385		7.66667
6386		7
6387		8
6388		18.3333
6389		14.8
6390		6
6391		17
6392		7.5
6393		7.5
6394		18.6667
6395		7
6396		23.5
6397		7.75
6398		7.66667
6399		8
6400		17.6667
6401		14.4
6402		7
6403		8
6404		8
6405		8.66667
6406		7
6407		8
6408		15.75
6409		16.5
6410		8
6411		13
6412		6
6413		8
6414		18.6667
6415		7
6416		16.25
6417		8
6418		6
6419		8
6420		16.5
6421		14.4
6422		7.33333
6423		8
6424		8
6425		36
6426		10
6427		0
6428		18.3333
6429		8.71429
6430		8
6431		13
6432		18.6667
6433		11
6434		24
6435		7
6436		19
6437		8
6438		8
6439		8
6440		8.6
6441		20
6442		10.5
6443		8
6444		0
6445		13.1667
6446		10.5
6447		0
6448		18.3333
6449		9.4
6450		6
6451		8
6452		17.3333
6453		8.75
6454		18
6455		0
6456		14.8
6457		8
6458		8
6459		0
6460		9.66667
6461		15.5
6462		10.3333
6463		0
6464		8
6465		8.33333
6466		11
6467		0
6468		28
6469		9
6470		6
6471		8
6472		8.66667
6473		15
6474		19.8
6475		0
6476		10.3333
6477		8
6478		8.33333
6479		0
6480		10.75
6481		22.75
6482		12.5
6483		9
6484		0
6485		8.2
6486		8.66667
6487		7
6488		23.5
6489		9.5
6490		23
6491		8
6492		8.66667
6493		11.75
6494		22.6667
6495		0
6496		15.8
6497		7.5
6498		8
6499		7
6500		8
6501		20.3333
6502		15
6503		12.5
6504		25
6505		8.71429
6506		8
6507		8
6508		40
6509		11
6510		7.5
6511		8
6512		7.66667
6513		8
6514		24
6515		0
6516		6
6517		30.5
6518		8
6519		9
6520		7.33333
6521		19.6667
6522		0
6523		7
6524		7
6525		8
6526		30.5
6527		8
6528		15.6
6529		8
6530		0
6531		0
6532		28
6533		8.33333
6534		16.5
6535		0
6536		23.6667
6537		8.33333
6538		0
6539		16
6540		8
6541		10.5
6542		17.75
6543		25.5
6544		8
6545		8
6546		11
6547		8
6548		9
6549		8.2
6550		8
6551		8
6552		43
6553		11
6554		8.66667
6555		8
6556		7.66667
6557		8
6558		6
6559		40
6560		8.33333
6561		23.3333
6562		8
6563		7
6564		40
6565		8
6566		8
6567		0
6568		15.5
6569		8.25
6570		0
6571		8
6572		8
6573		43
6574		18.5
6575		0
6576		7.66667
6577		8.25
6578		42
6579		0
6580		7.33333
6581		32
6582		7.33333
6583		9
6584		23
6585		8
6586		0
6587		0
6588		17.2
6589		9.33333
6590		8
6591		8.5
6592		8
6593		24.5
6594		18
6595		0
6596		8
6597		8.5
6598		8
6599		8
6600		18.6667
6601		22.3333
6602		8
6603		9
6604		18
6605		0
6606		0
6607		0
6608		15.1667
6609		18
6610		0
6611		8
6612		0
6613		8.66667
6614		18
6615		0
6616		7.66667
6617		8
6618		0
6619		43
6620		6
6621		19.25
6622		8.33333
6623		0
6624		9
6625		23.5
6626		0
6627		0
6628		19.75
6629		8
6630		8
6631		0
6632		7.66667
6633		8
6634		20
6635		7
6636		8
6637		8
6638		0
6639		0
6640		17.75
6641		23
6642		8
6643		8
6644		27
6645		8
6646		0
6647		0
6648		29
6649		8.33333
6650		0
6651		0
6652		7
6653		8
6654		20.5
6655		43
6656		8
6657		8
6658		0
6659		0
6660		9
6661		16.1667
6662		8
6663		0
6664		9
6665		0
6666		0
6667		0
6668		16.6667
6669		8
6670		29.5
6671		10
6672		8
6673		0
6674		20.5
6675		0
6676		25.5
6677		7.75
6678		0
6679		8
6680		9
6681		24.3333
6682		7
6683		8
6684		7.5
6685		8
6686		48
6687		6
6688		16.3333
6689		8
6690		8
6691		0
6692		28
6693		7.66667
6694		20.5
6695		8
6696		27
6697		9.33333
6698		0
6699		9
6700		9
6701		15.4286
6702		7.33333
6703		0
6704		10.5
6705		25
6706		8
6707		8
6708		21.25
6709		7.8
6710		11
6711		43
6712		7.5
6713		7.66667
6714		25
6715		0
6716		37
6717		9.5
6718		7.5
6719		8
6720		15.5
6721		15.6667
6722		8
6723		0
6724		11.5
6725		8
6726		8
6727		0
6728		17.4
6729		13.1667
6730		12
6731		0
6732		7
6733		8
6734		19.25
6735		7
6736		18.6667
6737		9.75
6738		8
6739		8
6740		7
6741		27.75
6742		8
6743		8
6744		17
6745		8
6746		8.33333
6747		6
6748		17.8
6749		8
6750		11.3333
6751		42
6752		7
6753		8
6754		17.4
6755		8
6756		25
6757		8
6758		7.5
6759		8
6760		14.6
6761		18
6762		8
6763		0
6764		22.5
6765		8
6766		8
6767		7
6768		18.2
6769		12.1429
6770		8.5
6771		0
6772		8
6773		18.5
6774		22.3333
6775		8.5
6776		9
6777		7.75
6778		8
6779		0
6780		14.6667
6781		17
6782		9.5
6783		0
6784		8.25
6785		7.8
6786		0
6787		32
6788		19.75
6789		8.25
6790		7
6791		8
6792		8
6793		7.5
6794		23
6795		0
6796		14.75
6797		8
6798		8
6799		0
6800		6.5
6801		18.6
6802		8
6803		36
6804		8
6805		9.66667
6806		0
6807		9
6808		23.2
6809		7.33333
6810		7.5
6811		0
6812		21.6667
6813		9
6814		13
6815		24.5
6816		0
6817		8
6818		10
6819		0
6820		7.2
6821		24.6
6822		8
6823		8
6824		0
6825		11.5
6826		20.5
6827		8
6828		16.1667
6829		8.33333
6830		0
6831		8
6832		16
6833		7.33333
6834		17.8
6835		0
6836		8
6837		24
6838		12.5
6839		11
6840		6.75
6841		21
6842		8
6843		9
6844		24
6845		17
6846		8.66667
6847		8
6848		25.6667
6849		8.33333
6850		0
6851		8
6852		13
6853		21.3333
6854		14.8571
6855		7
6856		0
6857		8
6858		18
6859		6
6860		15.2
6861		14
6862		8
6863		25
6864		23
6865		12
6866		9
6867		7.66667
6868		12.75
6869		23.6667
6870		10
6871		0
6872		21.6667
6873		7
6874		11
6875		12
6876		27
6877		8
6878		10.5
6879		12
6880		6.66667
6881		26
6882		8
6883		8
6884		10
6885		23.3333
6886		6
6887		8
6888		16
6889		8.33333
6890		33
6891		0
6892		18.75
6893		7.33333
6894		11.6667
6895		9
6896		48
6897		8
6898		10.3333
6899		48
6900		7
6901		12.6667
6902		8.5
6903		8
6904		8
6905		29
6906		6.66667
6907		8
6908		15.5
6909		8
6910		0
6911		8
6912		25.2
6913		7.33333
6914		10.6
6915		0
6916		7
6917		8
6918		35
6919		7
6920		6.66667
6921		10.1429
6922		8
6923		0
6924		7
6925		23.6
6926		7
6927		7.66667
6928		16.5
6929		13.3333
6930		0
6931		0
6932		25
6933		7
6934		11
6935		23
6936		7
6937		8
6938		27.5
6939		0
6940		6.66667
6941		15.3333
6942		8
6943		0
6944		18.6667
6945		16.5
6946		10
6947		7
6948		8
6949		9
6950		0
6951		29
6952		11
6953		8.5
6954		14.8
6955		8
6956		12
6957		8
6958		25.5
6959		8
6960		6.66667
6961		9.25
6962		8
6963		0
6964		22
6965		9
6966		6
6967		29.5
6968		8
6969		8
6970		19
6971		0
6972		16.6
6973		15.75
6974		7.5
6975		0
6976		9
6977		8
6978		10
6979		0
6980		7
6981		19
6982		26
6983		19
6984		0
6985		10.3333
6986		6
6987		8
6988		19
6989		20
6990		8
6991		8
6992		23.3333
6993		7.5
6994		8
6995		9
6996		20.8
6997		8
6998		9.5
6999		0
7000		7.33333
7001		13.6
7002		44
7003		7.5
7004		8
7005		17
7006		6.66667
7007		0
7008		7.66667
7009		19.6667
7010		8
7011		8
7012		33
7013		7.66667
7014		8
7015		0
7016		16.5
7017		8
7018		20
7019		0
7020		9
7021		8
7022		18.6667
7023		0
7024		8
7025		16.3333
7026		0
7027		0
7028		8
7029		20
7030		8
7031		34
7032		0
7033		8
7034		8
7035		0
7036		20.2
7037		8
7038		8
7039		0
7040		16
7041		7.5
7042		19.3333
7043		0
7044		8.5
7045		8.33333
7046		8
7047		0
7048		7.5
7049		23.75
7050		8.33333
7051		0
7052		0
7053		8
7054		9
7055		6
7056		24.25
7057		8.2
7058		8
7059		8
7060		8
7061		7.5
7062		20
7063		8
7064		8
7065		8.33333
7066		18.3333
7067		0
7068		7.33333
7069		21
7070		8.5
7071		0
7072		9
7073		7.66667
7074		8
7075		24.5
7076		21.3333
7077		9
7078		8
7079		0
7080		7.33333
7081		25
7082		16.75
7083		8
7084		10
7085		8
7086		9.5
7087		0
7088		19
7089		16
7090		9.33333
7091		42
7092		8
7093		9.33333
7094		8
7095		44
7096		11
7097		9.33333
7098		6.5
7099		8
7100		26
7101		11.6667
7102		10
7103		0
7104		21.3333
7105		8
7106		8
7107		6
7108		7
7109		24.3333
7110		9.66667
7111		11
7112		8
7113		8.25
7114		48
7115		8
7116		9
7117		11
7118		20.3333
7119		8
7120		11
7121		17.5
7122		0
7123		0
7124		19.25
7125		8
7126		8
7127		11
7128		28
7129		8
7130		15
7131		13
7132		9.5
7133		19.75
7134		8.5
7135		8
7136		0
7137		24.3333
7138		6
7139		8
7140		7.5
7141		8
7142		19
7143		11
7144		23.3333
7145		7.5
7146		8
7147		0
7148		17.5
7149		7
7150		30
7151		7
7152		0
7153		8
7154		7
7155		0
7156		8
7157		20
7158		6.5
7159		8
7160		7
7161		8
7162		8
7163		0
7164		20.4286
7165		7.75
7166		8
7167		0
7168		8
7169		24.5
7170		15.8333
7171		6
7172		8
7173		7.8
7174		0
7175		38
7176		7
7177		22
7178		7.6
7179		8.5
7180		17.6667
7181		8
7182		0
7183		0
7184		14.3333
7185		14.25
7186		8
7187		8
7188		9.66667
7189		8
7190		15.1667
7191		0
7192		21.5
7193		9
7194		0
7195		10
7196		8.5
7197		18.5
7198		8.75
7199		8.5
7200		7.5
7201		8
7202		0
7203		8
7204		14.6667
7205		19.3333
7206		8
7207		8
7208		0
7209		0
7210		17.75
7211		6.5
7212		25.5
7213		9.66667
7214		0
7215		11
7216		24
7217		26.5
7218		9.66667
7219		8
7220		7.5
7221		8
7222		0
7223		8
7224		18.75
7225		10.3333
7226		27
7227		7
7228		9.5
7229		0
7230		10
7231		24
7232		9
7233		7.75
7234		0
7235		8
7236		7.33333
7237		27.5
7238		8
7239		8
7240		0
7241		18.2
7242		11
7243		0
7244		17.75
7245		8
7246		0
7247		0
7248		18.25
7249		8
7250		15.6
7251		7
7252		8
7253		8
7254		8
7255		0
7256		7.33333
7257		13.7143
7258		30.5
7259		8
7260		0
7261		9
7262		6
7263		8
7264		15.8
7265		8.16667
7266		0
7267		57
7268		8
7269		0
7270		15.8
7271		0
7272		8
7273		19.5
7274		9.66667
7275		8
7276		7
7277		18.75
7278		8
7279		0
7280		26.5
7281		9.5
7282		7.33333
7283		7
7284		23.4
7285		8
7286		0
7287		0
7288		7
7289		13.5
7290		9.75
7291		17.25
7292		8
7293		19.3333
7294		6
7295		0
7296		8.66667
7297		15.2
7298		8
7299		8
7300		24
7301		7
7302		0
7303		6
7304		20
7305		8.8
7306		0
7307		0
7308		0
7309		22
7310		17.75
7311		8
7312		9.25
7313		8.5
7314		22
7315		0
7316		0
7317		18.3333
7318		8
7319		0
7320		8
7321		8
7322		10
7323		39
7324		40
7325		7.66667
7326		6
7327		0
7328		15.25
7329		8
7330		23
7331		0
7332		9
7333		8.5
7334		12.5
7335		0
7336		7.5
7337		14
7338		0
7339		42
7340		8
7341		8
7342		8
7343		0
7344		14.3333
7345		8.8
7346		8
7347		8
7348		26
7349		39
7350		11
7351		0
7352		9
7353		12.8333
7354		0
7355		8
7356		10
7357		23.3333
7358		13.4
7359		8
7360		7.5
7361		8
7362		9
7363		6
7364		16.6
7365		15.6
7366		8
7367		9
7368		0
7369		8
7370		23.3333
7371		7
7372		15
7373		8
7374		10
7375		8
7376		8
7377		32
7378		6
7379		17.6667
7380		8
7381		9.66667
7382		8.5
7383		0
7384		23
7385		7
7386		8
7387		9
7388		9
7389		8.66667
7390		27.75
7391		0
7392		10
7393		8
7394		0
7395		8
7396		8
7397		18.5
7398		6
7399		11.5
7400		8
7401		17
7402		10
7403		39
7404		11.6667
7405		8
7406		30.5
7407		8.66667
7408		0
7409		10
7410		11.3333
7411		0
7412		14
7413		19.5
7414		0
7415		8
7416		10
7417		14.5
7418		6.66667
7419		12
7420		31.5
7421		20.3333
7422		0
7423		10
7424		23
7425		8
7426		8
7427		8
7428		7.5
7429		8
7430		27.5
7431		8
7432		7.25
7433		16.2
7434		0
7435		0
7436		27
7437		7.5
7438		6.66667
7439		7.5
7440		24.5
7441		8.75
7442		0
7443		0
7444		8
7445		48
7446		8.5
7447		8
7448		9
7449		19.6667
7450		8
7451		0
7452		7
7453		10
7454		19
7455		0
7456		21.3333
7457		8.33333
7458		9
7459		10.5
7460		20.6667
7461		9.66667
7462		8
7463		9
7464		8.66667
7465		27.5
7466		8
7467		8
7468		9.66667
7469		18.25
7470		10
7471		8
7472		26.5
7473		8
7474		8.75
7475		0
7476		20.3333
7477		8.75
7478		45
7479		8
7480		7.33333
7481		10
7482		20.6667
7483		7
7484		17
7485		8
7486		8
7487		7
7488		18
7489		15
7490		10
7491		8
7492		14.75
7493		8
7494		9.66667
7495		8
7496		22.75
7497		9
7498		7.5
7499		8
7500		6.66667
7501		12.5
7502		25
7503		7
7504		9.33333
7505		14.75
7506		8
7507		7
7508		9.75
7509		18.6667
7510		14
7511		8
7512		17
7513		8
7514		9.75
7515		8
7516		18.3333
7517		10.3333
7518		36
7519		8
7520		7
7521		10.5
7522		23
7523		36
7524		12
7525		7
7526		7.33333
7527		0
7528		12.5
7529		16
7530		8
7531		8
7532		9.5
7533		18.6667
7534		10.6667
7535		7
7536		18.3333
7537		0
7538		0
7539		40
7540		14
7541		8.33333
7542		27
7543		9
7544		16.5
7545		0
7546		7
7547		0
7548		24
7549		15.1667
7550		8
7551		12
7552		8
7553		10
7554		8
7555		38
7556		21.3333
7557		8
7558		0
7559		0
7560		9.66667
7561		10.5
7562		17
7563		0
7564		23
7565		8
7566		13
7567		0
7568		17
7569		13.5714
7570		8
7571		7
7572		0
7573		11
7574		6
7575		10.5
7576		14.8
7577		8
7578		40
7579		8
7580		8.5
7581		0
7582		16.75
7583		8
7584		16.25
7585		8.5
7586		8
7587		0
7588		8
7589		18.25
7590		8
7591		25
7592		0
7593		8.8
7594		8
7595		0
7596		15
7597		8
7598		12
7599		8
7600		10.5
7601		9
7602		10.5
7603		41
7604		8
7605		28.5
7606		8.5
7607		0
7608		8
7609		15.6
7610		8
7611		15
7612		28.5
7613		8
7614		8.33333
7615		7
7616		22.3333
7617		8
7618		25
7619		8
7620		20.3333
7621		9
7622		9.75
7623		8
7624		19.3333
7625		12.5
7626		9
7627		0
7628		7.66667
7629		17
7630		7
7631		42
7632		0
7633		8.5
7634		8
7635		8
7636		14.3333
7637		19.3333
7638		8
7639		8
7640		9.5
7641		0
7642		17.5
7643		6
7644		18.6667
7645		8.2
7646		11
7647		8
7648		7
7649		17.75
7650		14
7651		0
7652		7.5
7653		8.8
7654		0
7655		23.5
7656		11.3333
7657		15.75
7658		8.25
7659		0
7660		10.3333
7661		7
7662		11.6667
7663		7
7664		24
7665		17
7666		8
7667		0
7668		7.5
7669		11
7670		17
7671		7.5
7672		7
7673		8
7674		8
7675		0
7676		20.75
7677		16
7678		9.66667
7679		8
7680		26
7681		0
7682		14.5
7683		7
7684		24
7685		9.6
7686		8
7687		0
7688		0
7689		26
7690		9.66667
7691		18.6667
7692		16
7693		8
7694		0
7695		0
7696		12.3333
7697		19.6667
7698		8
7699		8
7700		29.5
7701		10
7702		23
7703		0
7704		24
7705		8.6
7706		27
7707		10
7708		0
7709		16
7710		24
7711		0
7712		14.8
7713		8
7714		8
7715		8
7716		12.6667
7717		41.5
7718		9.5
7719		0
7720		8
7721		14.6
7722		21.5
7723		22.5
7724		8
7725		9.66667
7726		6
7727		8
7728		0
7729		14
7730		15.75
7731		8
7732		19.3333
7733		8.66667
7734		8
7735		0
7736		22.25
7737		7.5
7738		10.5
7739		7
7740		8
7741		7.75
7742		12
7743		7
7744		8
7745		19.8333
7746		6
7747		8
7748		10
7749		8
7750		8
7751		8
7752		22.2
7753		8
7754		8
7755		0
7756		7.5
7757		26.5
7758		20.6667
7759		6
7760		8
7761		7.6
7762		0
7763		38
7764		8
7765		22
7766		7.5
7767		7.5
7768		10
7769		8
7770		0
7771		0
7772		18.6667
7773		19.3333
7774		8
7775		8
7776		10.5
7777		8
7778		21
7779		0
7780		19.6667
7781		9
7782		0
7783		11
7784		7
7785		16.25
7786		9
7787		9
7788		8
7789		8.66667
7790		0
7791		8
7792		14.4
7793		17.75
7794		8
7795		8
7796		9.33333
7797		8
7798		17.25
7799		7
7800		50
7801		12.3333
7802		8.5
7803		10
7804		27.5
7805		19.6667
7806		9
7807		8
7808		6.5
7809		8
7810		8
7811		8
7812		18
7813		10
7814		21.3333
7815		10
7816		8
7817		0
7818		12
7819		22.3333
7820		21
7821		9
7822		0
7823		8
7824		38
7825		26.5
7826		9.5
7827		8
7828		16.6667
7829		8.5
7830		18
7831		6
7832		11
7833		16.6667
7834		19.3333
7835		7
7836		0
7837		8
7838		9.33333
7839		8
7840		19
7841		9.25
7842		8
7843		8
7844		0
7845		10.5
7846		19.3333
7847		7.5
7848		8.33333
7849		16.75
7850		8
7851		0
7852		20.6667
7853		7.66667
7854		8
7855		8.5
7856		21.2
7857		8
7858		10
7859		0
7860		0
7861		16.5
7862		14.6
7863		11
7864		11
7865		10
7866		7
7867		8
7868		6.5
7869		8.5
7870		8
7871		27
7872		18.25
7873		7.66667
7874		8
7875		17
7876		18.3333
7877		9.75
7878		10
7879		7
7880		26.5
7881		9.25
7882		8
7883		22.5
7884		0
7885		9.66667
7886		7.33333
7887		8
7888		7
7889		21.6667
7890		8
7891		0
7892		18.25
7893		7.66667
7894		11.5
7895		12
7896		23.5
7897		12.5
7898		21.3333
7899		0
7900		12
7901		8.57143
7902		9
7903		23
7904		28
7905		8
7906		7
7907		0
7908		13
7909		8
7910		7
7911		18
7912		36
7913		29.5
7914		8.5
7915		9
7916		10.25
7917		9.25
7918		21.5
7919		7
7920		8
7921		10.6667
7922		29.5
7923		0
7924		21
7925		8.4
7926		11
7927		8
7928		25
7929		8
7930		0
7931		13
7932		13
7933		9.5
7934		7
7935		7
7936		8
7937		39
7938		10
7939		8
7940		8
7941		8.5
7942		18.3333
7943		8
7944		20.6667
7945		8
7946		0
7947		0
7948		8.33333
7949		13.5
7950		20.6667
7951		0
7952		11.5
7953		10.3333
7954		11
7955		30
7956		8
7957		7.75
7958		0
7959		46
7960		14.5
7961		8.5
7962		8
7963		8
7964		0
7965		8
7966		10
7967		0
7968		20.8
7969		9
7970		8.2
7971		0
7972		7
7973		15
7974		10.5
7975		7
7976		8
7977		16
7978		8
7979		0
7980		15.5
7981		9.25
7982		6
7983		8
7984		27
7985		7.66667
7986		17.6667
7987		0
7988		9.66667
7989		8
7990		18
7991		0
7992		7.5
7993		8.8
7994		11.5
7995		0
7996		18.5
7997		14.1667
7998		0
7999		9
8000		13
8001		10
8002		6
8003		7.5
8004		25.6667
8005		8
8006		6
8007		8
8008		10.3333
8009		12
8010		13.1667
8011		0
8012		7.66667
8013		0
8014		9.5
8015		24
8016		8
8017		13.3333
8018		8
8019		9
8020		8.66667
8021		12
8022		6.5
8023		8
8024		40
8025		14.6667
8026		0
8027		8
8028		9
8029		0
8030		15.4
8031		7
8032		16
8033		0
8034		13
8035		8.5
8036		20.5
8037		16.2
8038		8
8039		8
8040		19.5
8041		14
8042		9
8043		8
8044		21
8045		10.3333
8046		0
8047		0
8048		16
8049		7.5
8050		9.66667
8051		18.3333
8052		12.5
8053		14
8054		10.5
8055		0
8056		8
8057		17
8058		8
8059		8
8060		9
8061		17.3333
8062		9
8063		8
8064		18
8065		8
8066		15
8067		28
8068		9.5
8069		7
8070		16
8071		17
8072		8
8073		7
8074		8
8075		7
8076		8
8077		15.75
8078		11
8079		8
8080		35
8081		8
8082		12
8083		22.5
8084		24
8085		8
8086		8.5
8087		7
8088		7
8089		11
8090		23.5
8091		8
8092		8
8093		18
8094		6
8095		8
8096		22.5
8097		8
8098		35
8099		0
8100		14
8101		8
8102		8
8103		7
8104		17
8105		24
8106		0
8107		0
8108		7.5
8109		21
8110		8
8111		8
8112		19
8113		8
8114		0
8115		0
8116		7.5
8117		8.33333
8118		39
8119		7
8120		8
8121		8
8122		0
8123		0
8124		9.5
8125		12.5714
8126		0
8127		8
8128		24.5
8129		8
8130		6
8131		0
8132		40.5
8133		7.8
8134		6
8135		0
8136		0
8137		8
8138		21
8139		40
8140		7.5
8141		8
8142		8
8143		0
8144		8
8145		20.3333
8146		8
8147		0
8148		8.5
8149		8.33333
8150		0
8151		0
8152		24
8153		8.5
8154		28.5
8155		10
8156		8
8157		8
8158		40
8159		0
8160		16.8
8161		7
8162		8
8163		8
8164		10
8165		23.5
8166		10
8167		0
8168		8
8169		8.25
8170		49
8171		6
8172		24
8173		9.5
8174		7
8175		8
8176		8
8177		7.75
8178		40
8179		8
8180		24
8181		0
8182		8
8183		0
8184		30
8185		20.3333
8186		10.5
8187		0
8188		8
8189		8
8190		12
8191		26.5
8192		24
8193		10.5
8194		7
8195		8
8196		9.33333
8197		8
8198		24
8199		8
8200		6
8201		49
8202		8
8203		0
8204		8
8205		18.6667
8206		14
8207		0
8208		20
8209		8
8210		8
8211		26
8212		7.5
8213		8
8214		8
8215		0
8216		8
8217		17
8218		8
8219		8
8220		25
8221		0
8222		11
8223		6
8224		8
8225		8
8226		0
8227		7
8228		50
8229		44
8230		8
8231		0
8232		22
8233		8
8234		0
8235		8
8236		31.3333
8237		8
8238		0
8239		0
8240		9
8241		15.6
8242		25
8243		0
8244		8
8245		8
8246		0
8247		0
8248		19.6667
8249		14.6667
8250		8
8251		9
8252		8
8253		0
8254		9.5
8255		0
8256		18.75
8257		17.6667
8258		8
8259		8
8260		6
8261		14
8262		19.25
8263		0
8264		14.75
8265		8
8266		0
8267		0
8268		10
8269		21
8270		7
8271		8.5
8272		8
8273		15
8274		0
8275		0
8276		21.3333
8277		7.66667
8278		8
8279		8
8280		24.5
8281		8
8282		17.5
8283		0
8284		7
8285		8
8286		25
8287		6
8288		7.33333
8289		18
8290		7
8291		24.5
8292		0
8293		8
8294		7.5
8295		0
8296		18.5
8297		8.5
8298		19.3333
8299		7
8300		7
8301		7.5
8302		29
8303		0
8304		14.8
8305		8
8306		7.5
8307		10
8308		8
8309		22.3333
8310		8
8311		8
8312		0
8313		9.25
8314		19
8315		8
8316		22
8317		7
8318		8
8319		0
8320		16
8321		8
8322		40
8323		7
8324		8
8325		8
8326		13
8327		9
8328		13.5
8329		11
8330		6
8331		19
8332		0
8333		9
8334		8
8335		8
8336		8
8337		8
8338		7
8339		59
8340		26.5
8341		8
8342		18
8343		6
8344		8.5
8345		6
8346		8
8347		0
8348		35.5
8349		28
8350		9
8351		8
8352		8
8353		8.5
8354		63
8355		6
8356		28.5
8357		9.5
8358		8
8359		0
8360		26.6667
8361		8
8362		46
8363		8
8364		9.5
8365		24.6667
8366		8
8367		0
8368		7
8369		25
8370		13
8371		0
8372		8.33333
8373		8.5
8374		8
8375		25
8376		22.5
8377		9
8378		8
8379		0
8380		20
8381		7.6
8382		0
8383		8
8384		16.2
8385		8.66667
8386		7
8387		0
8388		8
8389		15
8390		14
8391		0
8392		8.75
8393		15.4
8394		17
8395		0
8396		8
8397		9.5
8398		9.5
8399		0
8400		20.4
8401		8
8402		8
8403		9
8404		10.3333
8405		9.33333
8406		26
8407		7.5
8408		8
8409		14.2
8410		12
8411		0
8412		9
8413		17.25
8414		17.6667
8415		8
8416		8
8417		11
8418		8.66667
8419		0
8420		24.25
8421		7.83333
8422		8
8423		0
8424		17
8425		8
8426		19.6667
8427		7.5
8428		8
8429		8.25
8430		18
8431		9
8432		7.66667
8433		20.6
8434		8
8435		8
8436		8
8437		13.5
8438		8
8439		8
8440		29
8441		8.5
8442		8
8443		0
8444		11.6667
8445		8
8446		29
8447		7
8448		9.66667
8449		8
8450		12
8451		0
8452		6.66667
8453		19
8454		13
8455		8
8456		8
8457		17.2
8458		8
8459		0
8460		18.6667
8461		11
8462		6
8463		7
8464		23.6667
8465		8.33333
8466		20.3333
8467		7
8468		9.66667
8469		0
8470		11.6667
8471		8
8472		7
8473		20.1667
8474		11.5
8475		8
8476		8
8477		12
8478		8
8479		0
8480		26.25
8481		9.6
8482		7
8483		8
8484		14
8485		8.5
8486		26
8487		6.5
8488		11.5
8489		8
8490		11.25
8491		0
8492		7
8493		19
8494		17
8495		8.33333
8496		8
8497		16.6667
8498		8
8499		0
8500		18.6667
8501		13
8502		6.5
8503		8
8504		21.6667
8505		8.33333
8506		17.25
8507		7
8508		18
8509		0
8510		8
8511		6
8512		8
8513		18.6667
8514		11
8515		8
8516		8
8517		9
8518		0
8519		8
8520		40
8521		13
8522		21
8523		8
8524		11
8525		8
8526		40
8527		7
8528		22.25
8529		8
8530		8
8531		9
8532		8
8533		23.5
8534		11.3333
8535		8
8536		8
8537		7.5
8538		48
8539		8
8540		23.5
8541		14
8542		7
8543		8
8544		8.5
8545		8
8546		40
8547		52
8548		11.25
8549		7
8550		7
8551		13
8552		8
8553		16.75
8554		13.5
8555		0
8556		31
8557		9.66667
8558		8
8559		8
8560		25.5
8561		11.5
8562		7.5
8563		28
8564		9.66667
8565		8
8566		10
8567		41
8568		21.25
8569		13.25
8570		9
8571		8
8572		0
8573		24
8574		15.5
8575		7
8576		16.5
8577		8.16667
8578		9.5
8579		13.5
8580		42
8581		24
8582		18.3333
8583		8
8584		8.4
8585		22
8586		8.5
8587		8
8588		18.25
8589		16
8590		8
8591		0
8592		17.5
8593		8
8594		11.5
8595		19.3333
8596		6
8597		8.75
8598		8
8599		17
8600		8
8601		23
8602		9
8603		8
8604		9
8605		9
8606		0
8607		8
8608		14.6667
8609		7.5
8610		9.8
8611		7
8612		0
8613		8
8614		22
8615		7
8616		7.33333
8617		17
8618		8
8619		8
8620		0
8621		22
8622		9.5
8623		8
8624		15.5
8625		8
8626		0
8627		0
8628		22.3333
8629		7.5
8630		8.4
8631		29
8632		8
8633		8
8634		22
8635		0
8636		6
8637		8.6
8638		8
8639		8
8640		32.5
8641		23.3333
8642		7
8643		8
8644		9.33333
8645		8
8646		52
8647		6
8648		17
8649		7.5
8650		8.75
8651		7
8652		42
8653		11.3333
8654		13.5
8655		24.5
8656		6.5
8657		9.2
8658		8
8659		8
8660		12
8661		21.1667
8662		7
8663		8
8664		9.5
8665		8
8666		0
8667		43
8668		18
8669		7.33333
8670		9
8671		0
8672		39
8673		9.66667
8674		21.3333
8675		6
8676		7.66667
8677		8
8678		0
8679		0
8680		12
8681		20.6667
8682		7.33333
8683		8
8684		8
8685		8
8686		0
8687		6
8688		21.5
8689		7.5
8690		10.1667
8691		7
8692		8
8693		9
8694		18.6667
8695		8
8696		7
8697		14.2857
8698		0
8699		8
8700		6
8701		20
8702		19
8703		8
8704		7.5
8705		8
8706		9
8707		6
8708		21.4
8709		7
8710		8
8711		9
8712		8
8713		9
8714		24
8715		8
8716		7.5
8717		15.6
8718		7
8719		0
8720		6
8721		24
8722		0
8723		0
8724		17
8725		8
8726		8
8727		0
8728		24
8729		0
8730		25.5
8731		6
8732		0
8733		8
8734		24
8735		40
8736		0
8737		7
8738		8
8739		0
8740		6
8741		18.6667
8742		0
8743		0
8744		9
8745		8
8746		46
8747		0
8748		24
8749		8
8750		0
8751		10
8752		20.3333
8753		7.5
8754		40
8755		0
8756		0
8757		8.5
8758		0
8759		8
8760		7
8761		20
8762		0
8763		0
8764		10
8765		8
8766		42
8767		6
8768		17.25
8769		7.75
8770		0
8771		0
8772		6
8773		26
8774		19.6667
8775		8
8776		0
8777		8
8778		0
8779		0
8780		8.5
8781		19.3333
8782		25.5
8783		0
8784		0
8785		8
8786		0
8787		13
8788		16.5
8789		7
8790		0
8791		0
8792		40
8793		10
8794		23
8795		8
8796		8.25
8797		9
8798		9
8799		0
8800		12
8801		24.5
8802		8
8803		0
8804		7.5
8805		12
8806		0
8807		6
8808		30
8809		7
8810		8
8811		0
8812		9.25
8813		14.6
8814		40
8815		8
8816		0
8817		22.5
8818		9.33333
8819		0
8820		10.3333
8821		16.25
8822		8.33333
8823		0
8824		22
8825		7.33333
8826		9
8827		6
8828		15.5
8829		8
8830		18
8831		6
8832		7.5
8833		9.33333
8834		18
8835		8
8836		21.5
8837		8
8838		6.66667
8839		8
8840		23.5
8841		18.3333
8842		8
8843		0
8844		7
8845		7.8
8846		9.5
8847		6
8848		18
8849		17.6667
8850		8
8851		9
8852		8.5
8853		8.8
8854		18
8855		8
8856		23
8857		8.66667
8858		7.66667
8859		8
8860		25
8861		15.75
8862		8
8863		0
8864		16
8865		8
8866		10
8867		6
8868		18
8869		14.75
8870		8
8871		9
8872		8
8873		10.3333
8874		15.5
8875		8
8876		15.25
8877		8.33333
8878		8
8879		8
8880		0
8881		15.5
8882		15.25
8883		6
8884		8.25
8885		7.66667
8886		0
8887		6
8888		18
8889		9.33333
8890		7.66667
8891		9
8892		23
8893		9
8894		40
8895		8
8896		19
8897		8.33333
8898		8
8899		8
8900		13
8901		17.5
8902		9.33333
8903		0
8904		8
8905		13.8333
8906		13
8907		6
8908		18
8909		8
8910		9.66667
8911		0
8912		18.3333
8913		9.5
8914		15
8915		8
8916		8
8917		0
8918		18.6667
8919		7
8920		15
8921		12.625
8922		8
8923		0
8924		23.5
8925		0
8926		15
8927		10.5
8928		13.1667
8929		8
8930		8.5
8931		0
8932		14
8933		22.3333
8934		14.5
8935		7.66667
8936		8
8937		8
8938		8
8939		0
8940		23
8941		13.5
8942		8
8943		8
8944		24.5
8945		0
8946		17
8947		0
8948		15.25
8949		13.8
8950		9
8951		0
8952		8
8953		18
8954		14.5
8955		7.5
8956		23.5
8957		7.5
8958		8
8959		0
8960		12.5
8961		19.6
8962		8
8963		7
8964		9
8965		7.5
8966		19
8967		6
8968		13.8
8969		8
8970		8
8971		38
8972		8
8973		12
8974		14.5
8975		8
8976		23
8977		6
8978		8
8979		0
8980		13.5
8981		12.1429
8982		8
8983		0
8984		10
8985		8
8986		18
8987		6
8988		15.5
8989		8
8990		0
8991		0
8992		7
8993		12.75
8994		13.2
8995		8
8996		46
8997		8
8998		0
8999		0
9000		19.2
9001		13
9002		8
9003		7
9004		40
9005		0
9006		13.6667
9007		6
9008		15.5
9009		13.3333
9010		0
9011		8
9012		8
9013		23.3333
9014		12.3333
9015		8
9016		8
9017		14.6667
9018		8
9019		0
9020		11.5
9021		15.5
9022		8
9023		6
9024		19
9025		7.66667
9026		18.5
9027		6
9028		16.3333
9029		8
9030		0
9031		8
9032		0
9033		14.8333
9034		13.2
9035		8
9036		8
9037		0
9038		0
9039		0
9040		19.3333
9041		12.1429
9042		8
9043		0
9044		8
9045		8
9046		26
9047		6
9048		15.5
9049		7.83333
9050		0
9051		0
9052		8
9053		20.3333
9054		14.5
9055		8
9056		8
9057		17.5
9058		0
9059		0
9060		13
9061		15.25
9062		8
9063		6
9064		18
9065		8
9066		19
9067		6
9068		16
9069		8
9070		0
9071		0
9072		16.5
9073		13.25
9074		13.2
9075		8
9076		8
9077		15.5
9078		0
9079		0
9080		12
9081		12.1429
9082		12.6667
9083		0
9084		8
9085		7.5
9086		26
9087		6
9088		13
9089		7.75
9090		0
9091		0
9092		26
9093		17.5
9094		14.5
9095		8
9096		0
9097		8
9098		26
9099		0
9100		18
9101		15
9102		8
9103		0
9104		16
9105		9.5
9106		28
9107		9.5
9108		15.5
9109		8
9110		0
9111		0
9112		0
9113		14
9114		12.8
9115		8
9116		8
9117		12.3333
9118		0
9119		0
9120		14.6667
9121		13.8
9122		8
9123		0
9124		22
9125		8
9126		30
9127		13
9128		16.4
9129		8
9130		6
9131		0
9132		0
9133		24
9134		16.25
9135		7.66667
9136		0
9137		11.2
9138		8.5
9139		0
9140		12.3333
9141		18
9142		8
9143		8
9144		24
9145		7.33333
9146		25
9147		6
9148		14
9149		8
9150		24
9151		6
9152		0
9153		14
9154		14.5
9155		8
9156		7
9157		14
9158		7
9159		0
9160		13
9161		15.5
9162		8
9163		0
9164		17
9165		7.33333
9166		27
9167		9
9168		14
9169		8
9170		9
9171		27
9172		8
9173		14.6667
9174		13
9175		8
9176		26
9177		8.5
9178		8
9179		0
9180		14.6667
9181		13
9182		8
9183		9
9184		0
9185		15
9186		21
9187		0
9188		12.2857
9189		8
9190		9
9191		8
9192		30
9193		15
9194		13.2
9195		8
9196		18
9197		9
9198		8
9199		0
9200		14.5
9201		14
9202		8
9203		8
9204		10
9205		8
9206		27.5
9207		0
9208		14
9209		8
9210		8.66667
9211		8
9212		10
9213		18.25
9214		15
9215		8
9216		6
9217		9.66667
9218		8
9219		8.5
9220		17.4
9221		18
9222		8
9223		0
9224		8
9225		9
9226		18.5
9227		8
9228		12.8333
9229		17.6667
9230		0
9231		0
9232		0
9233		19.25
9234		14.6
9235		7.33333
9236		8.5
9237		8
9238		8
9239		0
9240		23.3333
9241		15.25
9242		8
9243		8
9244		9
9245		9.5
9246		23.6667
9247		0
9248		15.5
9249		8
9250		0
9251		0
9252		9.33333
9253		16.6667
9254		16.25
9255		8
9256		0
9257		8
9258		9
9259		0
9260		21.25
9261		11.625
9262		8
9263		8
9264		6
9265		10.5
9266		25
9267		0
9268		14
9269		8
9270		8
9271		0
9272		8
9273		14.5
9274		16.25
9275		19.3333
9276		0
9277		8
9278		8
9279		0
9280		18.3333
9281		12.1429
9282		19.3333
9283		8
9284		9
9285		8
9286		31
9287		0
9288		12.8333
9289		9.75
9290		0
9291		45
9292		8
9293		20
9294		8.33333
9295		20.6667
9296		22
9297		8.66667
9298		0
9299		8
9300		23.75
9301		7
9302		16
9303		8
9304		9
9305		18.3333
9306		33
9307		12.5
9308		7.66667
9309		22.75
9310		8.33333
9311		0
9312		8.5
9313		16.6667
9314		8.66667
9315		7.66667
9316		22
9317		7
9318		8
9319		0
9320		15.6667
9321		13.5
9322		17.5
9323		7.5
9324		8
9325		8
9326		13
9327		0
9328		12.2
9329		16.25
9330		8
9331		8
9332		0
9333		0
9334		8.33333
9335		7.5
9336		24.5
9337		15
9338		0
9339		0
9340		8
9341		16
9342		20.3333
9343		7.5
9344		8
9345		7.5
9346		0
9347		0
9348		16.6667
9349		17.25
9350		8
9351		8
9352		33
9353		8
9354		13
9355		7
9356		18
9357		8
9358		8
9359		0
9360		12
9361		17.75
9362		11
9363		18.6667
9364		8
9365		8.33333
9366		0
9367		0
9368		22.5
9369		14.4
9370		7
9371		8
9372		7.5
9373		8
9374		6
9375		0
9376		16.75
9377		16
9378		11.5
9379		10
9380		8
9381		8
9382		19.6667
9383		6
9384		24.5
9385		9
9386		8
9387		8
9388		10
9389		21
9390		8
9391		8
9392		11
9393		8.8
9394		20.6667
9395		6
9396		19.6667
9397		8
9398		11
9399		0
9400		6.66667
9401		15.6
9402		19.3333
9403		8
9404		8
9405		11.5
9406		6
9407		8
9408		27.5
9409		13.3333
9410		11
9411		0
9412		22
9413		7
9414		7.33333
9415		22.5
9416		7
9417		8
9418		10.6667
9419		0
9420		6.66667
9421		27
9422		9
9423		8.5
9424		25
9425		12.5
9426		6
9427		8
9428		21
9429		8.25
9430		8
9431		8
9432		18
9433		17
9434		19.3333
9435		0
9436		7.66667
9437		8
9438		18
9439		6
9440		19.3333
9441		16.5
9442		8
9443		0
9444		8
9445		8
9446		25
9447		8
9448		16.75
9449		8.25
9450		8
9451		0
9452		0
9453		16.5
9454		25
9455		0
9456		7.75
9457		9.4
9458		0
9459		6
9460		26
9461		24
9462		8
9463		9
9464		9.5
9465		8
9466		25
9467		8
9468		26
9469		8.5
9470		9.33333
9471		8
9472		0
9473		15.6
9474		8
9475		43
9476		7
9477		10.3333
9478		8
9479		0
9480		29.3333
9481		8
9482		8.5
9483		0
9484		10
9485		8
9486		40
9487		0
9488		0
9489		20
9490		10
9491		0
9492		8
9493		19
9494		0
9495		9
9496		6.5
9497		11
9498		8
9499		0
9500		18.3333
9501		0
9502		9
9503		8
9504		10.5
9505		23
9506		23
9507		0
9508		8
9509		0
9510		7
9511		52
9512		7
9513		15
9514		8
9515		0
9516		29
9517		6
9518		8
9519		0
9520		17
9521		8
9522		8
9523		0
9524		8
9525		20
9526		23
9527		0
9528		8
9529		8
9530		0
9531		0
9532		28
9533		15.75
9534		7.33333
9535		0
9536		8
9537		8
9538		40
9539		6
9540		18.6667
9541		8
9542		8
9543		0
9544		8
9545		18
9546		18
9547		8
9548		7
9549		7.5
9550		8
9551		0
9552		16
9553		14.2
9554		8
9555		8
9556		8
9557		8.5
9558		8
9559		43
9560		14.8
9561		9.33333
9562		8.33333
9563		0
9564		0
9565		9.25
9566		24.5
9567		0
9568		7.5
9569		7.8
9570		8
9571		0
9572		17
9573		16.75
9574		8
9575		8.5
9576		8
9577		8.2
9578		0
9579		13
9580		15.2
9581		18.75
9582		7.33333
9583		0
9584		9
9585		8
9586		26.5
9587		8
9588		16.75
9589		8
9590		8
9591		7.5
9592		24.5
9593		16.5
9594		8
9595		15
9596		8
9597		8.4
9598		10
9599		23.5
9600		9.5
9601		8.66667
9602		25.5
9603		8
9604		8
9605		8
9606		9.5
9607		0
9608		19.8571
9609		8
9610		0
9611		9
9612		38
9613		11.3333
9614		14
9615		7.5
9616		8
9617		9.25
9618		37
9619		8
9620		8.33333
9621		15.4
9622		8
9623		8.5
9624		8
9625		18.3333
9626		13
9627		7
9628		19
9629		12
9630		8
9631		10
9632		8
9633		10.5
9634		17.6667
9635		8
9636		36
9637		8.25
9638		0
9639		8
9640		8.4
9641		20.3333
9642		8
9643		0
9644		7
9645		15.75
9646		7
9647		6
9648		13.8333
9649		7.66667
9650		8
9651		7
9652		40
9653		8
9654		14.4
9655		8
9656		22.5
9657		8.66667
9658		0
9659		7
9660		21
9661		15
9662		7.6
9663		0
9664		7.5
9665		8
9666		7
9667		37
9668		15.4
9669		7.75
9670		8
9671		7
9672		23.5
9673		0
9674		14.8
9675		0
9676		8.5
9677		8.33333
9678		33
9679		8
9680		7
9681		16.4
9682		8
9683		0
9684		16.6667
9685		8
9686		0
9687		13
9688		20.6
9689		8
9690		8
9691		13
9692		8
9693		31
9694		20.6667
9695		8
9696		8
9697		13.25
9698		10
9699		8
9700		6.5
9701		28.5
9702		0
9703		29
9704		10
9705		7.5
9706		8
9707		0
9708		19.3333
9709		7
9710		0
9711		0
9712		17
9713		9.33333
9714		21.3333
9715		7
9716		10.6667
9717		9.66667
9718		24
9719		27
9720		6.66667
9721		18.75
9722		8
9723		0
9724		11
9725		12.5
9726		8
9727		12
9728		14.6
9729		19.5
9730		11.5
9731		0
9732		7.66667
9733		8
9734		26.5
9735		7
9736		20
9737		7.66667
9738		6.66667
9739		8
9740		7
9741		20.3333
9742		8
9743		8
9744		8
9745		14.5
9746		8
9747		0
9748		15.2
9749		8
9750		8
9751		0
9752		16.6667
9753		7.5
9754		16.25
9755		0
9756		8
9757		8.33333
9758		16
9759		8
9760		6.66667
9761		16.25
9762		8.33333
9763		0
9764		10
9765		16.6667
9766		8
9767		0
9768		15.75
9769		7.75
9770		10
9771		0
9772		15
9773		7.66667
9774		23
9775		9
9776		22
9777		9
9778		7
9779		8
9780		8
9781		15
9782		8
9783		8
9784		12
9785		17.6667
9786		8
9787		0
9788		16.5
9789		7.5
9790		12
9791		8
9792		16.25
9793		8
9794		15.75
9795		0
9796		8
9797		9.25
9798		9
9799		7.5
9800		7
9801		18.1429
9802		8
9803		0
9804		0
9805		7.5
9806		8
9807		8.5
9808		21
9809		7.66667
9810		0
9811		0
9812		7
9813		6
9814		24.5
9815		0
9816		8
9817		8
9818		6
9819		0
9820		0
9821		25
9822		7.5
9823		9
9824		0
9825		8
9826		8
9827		6
9828		18
9829		7
9830		47
9831		8
9832		0
9833		8
9834		40
9835		8
9836		8
9837		20
9838		0
9839		11
9840		7
9841		24
9842		0
9843		0
9844		25
9845		8
9846		0
9847		8
9848		24
9849		10
9850		9
9851		0
9852		8
9853		19
9854		0
9855		24
9856		8
9857		8
9858		8
9859		0
9860		29.5
9861		18.6667
9862		0
9863		8
9864		9
9865		8
9866		11
9867		0
9868		24
9869		20.5
9870		0
9871		10
9872		8
9873		0
9874		24
9875		0
9876		20
9877		8
9878		8
9879		8
9880		9
9881		40
9882		31.5
9883		0
9884		8
9885		8.6
9886		0
9887		6
9888		18
9889		10.3333
9890		6
9891		8
9892		8
9893		8
9894		39
9895		8
9896		17.3333
9897		8
9898		8.5
9899		0
9900		0
9901		15.75
9902		10
9903		28.5
9904		7.33333
9905		8
9906		8
9907		0
9908		40
9909		8.75
9910		7
9911		8
9912		9.5
9913		8
9914		46
9915		0
9916		8.66667
9917		8
9918		8
9919		0
9920		7.5
9921		23.3333
9922		9.5
9923		8.33333
9924		8
9925		0
9926		0
9927		0
9928		18.3333
9929		7.75
9930		27.6667
9931		8
9932		10
9933		0
9934		40
9935		0
9936		18.2
9937		11
9938		8
9939		0
9940		51
9941		18.5
9942		6
9943		9
9944		8
9945		21.6667
9946		10
9947		0
9948		17.25
9949		8.5
9950		19.6667
9951		8
9952		8
9953		8
9954		20
9955		0
9956		12.4
9957		8
9958		9
9959		0
9960		8
9961		16.6
9962		8
9963		8
9964		22
9965		8
9966		0
9967		0
9968		18.6667
9969		8
9970		7.6
9971		8
9972		7.66667
9973		8
9974		25
9975		0
9976		7
9977		16.5
9978		8
9979		10
9980		7.33333
9981		40
9982		6
9983		8
9984		26
9985		8.33333
9986		0
9987		8
9988		14.6
9989		0
9990		8.5
9991		0
9992		8
9993		27.5
9994		24.5
9995		7
9996		8
9997		0
9998		8
9999		9
10000		21
