Tile	Output		Total no.	Total no.	avg. latency	avg. latency	average
ID	channel		of packets	of flits	per packet	per flit	throughput
							(clock cycles)	(clock cycles)	(Gbps)
0	South		0		0		0		0		0
0	East		1115		3345		13.4036		4.46786		13.423
0	Core		30		90		8		2.66667		0.398583
1	South		0		0		0		0		0
1	East		1115		3345		7.99641		2.66547		13.4203
1	West		30		90		8		2.66667		0.398583
1	Core		32		96		8		2.66667		0.408641
2	South		0		0		0		0		0
2	East		1137		3411		7.06684		2.35561		13.6878
2	West		33		99		7.93939		2.64646		0.398872
2	Core		33		99		8		2.66667		0.408922
3	South		1115		3345		7.64933		2.54978		13.423
3	East		18		54		8		2.66667		0.23407
3	West		0		0		0		0		0
3	Core		22		66		8		2.66667		0.273179
4	South		0		0		0		0		0
4	East		32		96		8		2.66667		0.40117
4	West		0		0		0		0		0
4	Core		18		54		8		2.66667		0.23407
5	South		0		0		0		0		0
5	West		0		0		0		0		0
5	Core		32		96		8		2.66667		0.40117
6	North		0		0		0		0		0
6	South		1062		3186		13.4369		4.47897		12.7517
6	East		0		0		0		0		0
6	Core		42		126		8		2.66667		0.530526
7	North		30		90		7.93333		2.64444		0.398583
7	South		34		102		7.91176		2.63725		0.436457
7	East		1446		4341		41.0415		13.671		17.3849
7	West		42		126		7.88095		2.62698		0.530526
7	Core		31		93		8		2.66667		0.41315
8	North		88		264		36.7159		12.2386		1.06377
8	South		590		1770		37.3525		12.4508		7.11558
8	East		2119		6360		18.866		6.28569		25.4706
8	West		137		411		35.9781		11.9927		1.715
8	Core		0		0		0		0		0
9	North		18		54		7.88889		2.62963		0.234096
9	South		48		144		7.54167		2.51389		0.590648
9	East		1680		5042		8.59583		2.86414		20.2206
9	West		0		0		0		0		0
9	Core		1485		4457		8		2.66547		17.8673
10	North		32		96		7.375		2.45833		0.401212
10	South		26		78		7.65385		2.55128		0.338028
10	East		29		87		7.37931		2.45977		0.376664
10	West		0		0		0		0		0
10	Core		1591		4776		8		2.66499		19.173
11	North		0		0		0		0		0
11	South		0		0		0		0		0
11	West		0		0		0		0		0
11	Core		29		87		8		2.66667		0.376623
12	North		0		0		0		0		0
12	South		0		0		0		0		0
12	East		1061		3184		7.26107		2.4196		12.7769
12	Core		34		102		8		2.66667		0.436457
13	North		0		0		0		0		0
13	South		26		78		7.96154		2.65385		0.325271
13	East		0		0		0		0		0
13	West		34		102		8		2.66667		0.436457
13	Core		1091		3273		8.57928		2.85976		13.134
14	North		0		0		0		0		0
14	South		419		1257		7.7327		2.57757		5.05784
14	East		83		249		7.62651		2.54217		1.02091
14	West		56		168		7.5		2.5		0.685435
14	Core		32		96		8		2.66667		0.392678
15	North		0		0		0		0		0
15	South		61		183		7.96721		2.65574		0.752158
15	East		48		144		8.02083		2.67361		0.590648
15	West		0		0		0		0		0
15	Core		22		66		8		2.66667		0.275574
16	North		0		0		0		0		0
16	South		24		72		7.91667		2.63889		0.312636
16	East		26		78		8		2.66667		0.337955
16	West		0		0		0		0		0
16	Core		24		72		8		2.66667		0.296296
17	North		0		0		0		0		0
17	South		0		0		0		0		0
17	West		0		0		0		0		0
17	Core		26		78		8		2.66667		0.337955
18	North		0		0		0		0		0
18	South		0		0		0		0		0
18	East		0		0		0		0		0
18	Core		26		78		8		2.66667		0.325271
19	North		0		0		0		0		0
19	South		24		72		7.875		2.625		0.32447
19	East		0		0		0		0		0
19	West		26		78		8		2.66667		0.325271
19	Core		25		75		8		2.66667		0.308769
20	North		0		0		0		0		0
20	South		242		726		7.72727		2.57576		2.92124
20	East		99		297		7.73737		2.57912		1.20695
20	West		49		147		7.65306		2.55102		0.605187
20	Core		29		87		8		2.66667		0.375162
21	North		0		0		0		0		0
21	South		65		195		7.96923		2.65641		0.802139
21	East		61		183		8		2.66667		0.752158
21	West		0		0		0		0		0
21	Core		34		102		8		2.66667		0.422011
22	North		0		0		0		0		0
22	South		26		78		7.92308		2.64103		0.346821
22	East		24		72		8		2.66667		0.312636
22	West		0		0		0		0		0
22	Core		35		105		8		2.66667		0.443599
23	North		0		0		0		0		0
23	South		0		0		0		0		0
23	West		0		0		0		0		0
23	Core		24		72		8		2.66667		0.312636
24	North		0		0		0		0		0
24	South		0		0		0		0		0
24	East		0		0		0		0		0
24	Core		24		72		8		2.66667		0.32447
25	North		0		0		0		0		0
25	South		24		72		7.95833		2.65278		0.302394
25	East		0		0		0		0		0
25	West		24		72		8		2.66667		0.32447
25	Core		31		93		8		2.66667		0.412966
26	North		0		0		0		0		0
26	South		96		288		7.80208		2.60069		1.16117
26	East		66		198		7.83333		2.61111		0.829146
26	West		55		165		7.78182		2.59394		0.691244
26	Core		25		75		8		2.66667		0.314465
27	North		0		0		0		0		0
27	South		29		87		8		2.66667		0.38225
27	East		65		195		8		2.66667		0.802139
27	West		0		0		0		0		0
27	Core		37		111		8		2.66667		0.48198
28	North		0		0		0		0		0
28	South		37		111		7.94595		2.64865		0.465409
28	East		26		78		8		2.66667		0.346821
28	West		0		0		0		0		0
28	Core		28		84		8		2.66667		0.35458
29	North		0		0		0		0		0
29	South		0		0		0		0		0
29	West		0		0		0		0		0
29	Core		26		78		8		2.66667		0.346821
30	North		0		0		0		0		0
30	East		0		0		0		0		0
30	Core		24		72		8		2.66667		0.302394
31	North		0		0		0		0		0
31	East		0		0		0		0		0
31	West		24		72		8		2.66667		0.302394
31	Core		34		102		8		2.66667		0.428932
32	North		0		0		0		0		0
32	East		34		102		7.88235		2.62745		0.419408
32	West		34		102		7.85294		2.61765		0.428932
32	Core		28		84		8		2.66667		0.348837
33	North		0		0		0		0		0
33	East		29		87		8		2.66667		0.38225
33	West		0		0		0		0		0
33	Core		34		102		8		2.66667		0.419408
34	North		0		0		0		0		0
34	East		37		111		8		2.66667		0.465409
34	West		0		0		0		0		0
34	Core		29		87		8		2.66667		0.38225
35	North		0		0		0		0		0
35	West		0		0		0		0		0
35	Core		37		111		8		2.66667		0.465409

Overall average latency per channel (in clock cycles per flit) = 4.40971

Overall average latency per channel(in clock cycles per packet) = 13.2324

Overall average latency (in clock cycles per flit) = 50.5602

Total Flits Generated = 15374
Total Flits Received = 15317
