Tile ID						Power estimation

0						0.0099071
1						0.000836633
2						0.00108084
3						0.00157084
4						0.000422411
5						0.00995124
6						0.0164267
7						0.0321939
8						0.0293513
9						0.0145406
10						0.0144229
11						0.00610261
12						0.0121039
13						0.0149784
14						0.000403637
15						0.000366089
16						0.00124133
17						0.00173186
18						0.00287706
19						0.000300381
20						0.000375476
21						0.00073332
22						0.000836519
23						0.00131685
24						0.000403637


Total Netwok Power(In Watt):0.174476