#Simcount		average latency
1		0
2		0
3		0
4		0
5		0
6		0
7		0
8		0
9		0
10		0
11		0
12		0
13		0
14		0
15		0
16		0
17		0
18		0
19		0
20		10
21		0
22		0
23		0
24		0
25		0
26		0
27		0
28		8
29		12.75
30		0
31		0
32		0
33		0
34		0
35		0
36		10.875
37		8
38		0
39		0
40		12
41		0
42		9.8
43		0
44		8
45		8.6
46		0
47		0
48		6.66667
49		12.5
50		7.5
51		0
52		10
53		8.5
54		0
55		0
56		9.83333
57		8
58		0
59		0
60		9.2
61		0
62		9.75
63		0
64		13.3333
65		8
66		11
67		0
68		6.66667
69		11.6
70		8
71		0
72		12
73		14
74		14.6667
75		6
76		10.4286
77		8
78		0
79		0
80		10.5
81		20
82		12
83		8.5
84		8
85		8.66667
86		9
87		0
88		7
89		13.6667
90		8
91		8
92		8
93		9.66667
94		8
95		0
96		11.4
97		8
98		0
99		0
100		9.66667
101		7
102		13
103		0
104		8
105		10.25
106		10
107		0
108		6.5
109		12.6667
110		8
111		0
112		13
113		10.3333
114		8
115		0
116		11.25
117		9
118		0
119		0
120		9.5
121		14
122		14
123		0
124		11.5
125		8
126		11
127		0
128		11
129		16
130		8.33333
131		0
132		18
133		17
134		8
135		0
136		11.5
137		9.33333
138		0
139		0
140		12.5
141		17.3333
142		20
143		7.5
144		8
145		8
146		18
147		0
148		12.5
149		19.3333
150		12
151		8
152		12.6667
153		10.5
154		8
155		0
156		12.8333
157		9
158		8
159		16
160		8
161		13.5
162		17
163		0
164		8.6
165		11
166		0
167		0
168		12
169		14.3333
170		8.25
171		17
172		10.75
173		8
174		0
175		0
176		16.6667
177		10
178		8
179		8
180		10
181		9
182		28
183		6
184		9.66667
185		9.33333
186		0
187		0
188		9.75
189		18.5
190		10.5
191		0
192		10
193		8.33333
194		8.5
195		12
196		13.3333
197		10
198		8
199		0
200		7.75
201		12
202		19
203		7
204		11.5
205		8.33333
206		9
207		0
208		8.83333
209		19.5
210		10.3333
211		7.5
212		10
213		14
214		0
215		0
216		11
217		8
218		10
219		8
220		8
221		8
222		19
223		0
224		9
225		8.33333
226		8.5
227		0
228		10
229		20.5
230		8
231		0
232		6.66667
233		10
234		0
235		0
236		13.5
237		9
238		8
239		0
240		9.25
241		8
242		20
243		0
244		9
245		9
246		9
247		15
248		9
249		22.3333
250		11.5
251		0
252		6
253		10.6667
254		0
255		8
256		13
257		11
258		8
259		0
260		10.3333
261		8
262		21
263		0
264		10.8
265		8.5
266		9
267		0
268		9.33333
269		19.3333
270		9.2
271		0
272		19
273		8.66667
274		0
275		0
276		13.1667
277		10.5
278		8
279		0
280		12
281		10.6667
282		18.6667
283		6
284		11.5
285		20
286		9
287		0
288		10.6667
289		18.6667
290		12
291		8
292		11.3333
293		8.16667
294		0
295		0
296		12.3333
297		15
298		8
299		6
300		8
301		8
302		40
303		0
304		11.75
305		8.5
306		9
307		0
308		11
309		24
310		13
311		7
312		18
313		11.25
314		0
315		0
316		17
317		13.3333
318		8.5
319		9
320		8
321		0
322		40
323		0
324		9.14286
325		8.5
326		0
327		0
328		12
329		40
330		11
331		20
332		11.6667
333		8.5
334		0
335		0
336		22.75
337		20.5
338		24
339		40
340		8
341		9.5
342		26
343		6
344		8.5
345		18.6667
346		27
347		14.5
348		9
349		32
350		9
351		0
352		8
353		8
354		15.3333
355		8
356		15.6667
357		9.66667
358		8
359		0
360		0
361		7.33333
362		23
363		11
364		10
365		8.5
366		0
367		0
368		9.5
369		18.6667
370		12.75
371		28
372		15.4
373		10.3333
374		0
375		0
376		18.3333
377		47.5
378		27.3333
379		0
380		9.4
381		17
382		40
383		36
384		10
385		8.5
386		0
387		0
388		11.3333
389		19.1667
390		8
391		0
392		0
393		8
394		13.3333
395		0
396		16.6
397		8
398		8
399		0
400		12
401		19
402		24
403		0
404		8
405		8.25
406		0
407		0
408		8
409		23
410		7.33333
411		0
412		8.5
413		8
414		0
415		0
416		19.25
417		8
418		8
419		0
420		14
421		10
422		40
423		0
424		7.66667
425		11
426		8
427		0
428		9.66667
429		24
430		8
431		0
432		12
433		8.5
434		9.5
435		0
436		16.2
437		8
438		8
439		0
440		8.2
441		11.75
442		24
443		0
444		8
445		8.33333
446		11
447		0
448		11.5
449		13.3333
450		8
451		9
452		14
453		8
454		10.3333
455		0
456		11.7778
457		8
458		0
459		8
460		10
461		16
462		15.5
463		0
464		8
465		9.2
466		0
467		0
468		10.2
469		19
470		8
471		0
472		9.5
473		8.5
474		17
475		7
476		16.4
477		8
478		10
479		0
480		7.66667
481		18
482		18.3333
483		0
484		8
485		9
486		0
487		0
488		9.85714
489		32
490		12
491		0
492		14
493		8
494		11.3333
495		0
496		15.75
497		10
498		11
499		0
500		8
501		13.5
502		24
503		0
504		8.5
505		10
506		0
507		0
508		10.4
509		40
510		8.75
511		0
512		16
513		8
514		18
515		7
516		16.75
517		10.3333
518		8
519		0
520		7.66667
521		19
522		24
523		6
524		9.25
525		11.3333
526		0
527		0
528		11.75
529		24
530		12.5
531		0
532		11.3333
533		8
534		20
535		0
536		21.75
537		10
538		11.3333
539		0
540		8
541		14.5
542		24
543		0
544		12.25
545		8.5
546		7.66667
547		0
548		14.25
549		40
550		10.6667
551		28
552		7.33333
553		8
554		22
555		0
556		16.75
557		13.5
558		8
559		0
560		0
561		13.5
562		24
563		13
564		12.1667
565		8.33333
566		0
567		0
568		14.25
569		26.6667
570		14.5
571		0
572		13
573		8
574		20
575		0
576		18.3333
577		11.5
578		10
579		21
580		0
581		14.5
582		24
583		0
584		11.4
585		11.5
586		0
587		0
588		13.6667
589		24
590		8
591		17
592		12.8333
593		8
594		14
595		0
596		18.3333
597		11.6667
598		12.6667
599		7
600		14.6667
601		15
602		24
603		0
604		8.5
605		13.25
606		28
607		25
608		22.75
609		24
610		8
611		0
612		11
613		10.3333
614		7
615		0
616		20.75
617		0
618		8
619		0
620		10.6667
621		12.5
622		40
623		0
624		12
625		9.5
626		8
627		28
628		12.6667
629		24
630		8
631		0
632		7
633		8
634		18.3333
635		10
636		15.75
637		0
638		8
639		0
640		11
641		19
642		25.3333
643		0
644		19.25
645		9
646		0
647		6
648		13
649		21.3333
650		8
651		0
652		18
653		10.5
654		8.5
655		7
656		16.75
657		12.5
658		12
659		0
660		6.66667
661		12
662		23.5
663		28
664		12.75
665		8.33333
666		0
667		0
668		9.25
669		24
670		11.3333
671		7
672		28
673		15
674		9.5
675		0
676		17
677		13.3333
678		14
679		0
680		19
681		17
682		24
683		0
684		8
685		8.33333
686		15
687		17
688		8
689		19
690		8
691		0
692		12
693		12
694		8
695		0
696		18.3333
697		8
698		8
699		28
700		8
701		13.5
702		40
703		0
704		8
705		20.3333
706		9
707		7
708		14.3333
709		24
710		8
711		0
712		12
713		12.5
714		20
715		0
716		35
717		8
718		8
719		0
720		10.5
721		16
722		40
723		0
724		8
725		9.25
726		9.66667
727		0
728		10
729		27
730		8
731		0
732		6
733		9.33333
734		0
735		0
736		17
737		8
738		16.3333
739		0
740		13
741		0
742		26.5
743		7
744		8.75
745		16.3333
746		13
747		40
748		10.5
749		27
750		7.5
751		0
752		21
753		8
754		0
755		15.5
756		21.4
757		8
758		8
759		0
760		10
761		20
762		23.5
763		0
764		26.6
765		8.5
766		0
767		0
768		11.5
769		16.6
770		8
771		0
772		0
773		14.6667
774		15
775		0
776		16.2
777		8
778		8
779		0
780		6.5
781		37.5
782		20
783		0
784		8
785		8.5
786		0
787		0
788		7
789		21
790		8
791		0
792		12
793		8
794		0
795		40
796		17.5
797		37.5
798		8
799		0
800		0
801		0
802		40
803		35
804		31
805		8.5
806		0
807		0
808		12
809		40
810		22
811		0
812		29
813		29
814		0
815		0
816		23.5
817		0
818		8
819		16
820		29.6667
821		16
822		40
823		0
824		14
825		184.5
826		0
827		0
828		12
829		22.3333
830		172
831		316
832		9
833		150
834		0
835		0
836		14.6667
837		7.66667
838		150
839		248
840		8
841		61.5
842		23
843		0
844		8
845		9.8
846		199
847		211
848		0
849		24
850		42.6667
851		0
852		9.5
853		26.6667
854		0
855		168
856		61.75
857		7
858		8
859		0
860		40.5
861		8
862		32
863		24
864		22
865		9
866		0
867		0
868		8
869		40
870		16
871		24
872		9.5
873		34
874		0
875		0
876		19.6667
877		0
878		15.5
879		23
880		59
881		8
882		40
883		0
884		12.3333
885		9
886		0
887		0
888		12
889		33
890		8
891		0
892		8
893		8
894		0
895		0
896		25
897		24
898		8
899		0
900		25.5
901		0
902		40
903		0
904		12.2
905		25
906		0
907		0
908		11
909		40
910		8
911		0
912		41
913		8
914		0
915		0
916		15.75
917		0
918		23
919		0
920		7.5
921		7
922		40
923		0
924		10.4
925		22.5
926		0
927		0
928		9
929		24
930		8
931		0
932		24.6667
933		9.5
934		0
935		0
936		19.8
937		0
938		8
939		0
940		9.25
941		17
942		40
943		0
944		8
945		9
946		10
947		0
948		15.2
949		22.6667
950		8.5
951		0
952		20
953		11.5
954		8.5
955		0
956		18.75
957		0
958		48
959		47.5
960		14.3333
961		8.33333
962		40
963		0
964		8
965		20
966		27.75
967		16
968		10
969		40
970		14
971		0
972		21.5
973		7.66667
974		11
975		0
976		19.4
977		0
978		8
979		0
980		8.33333
981		16.3333
982		24
983		0
984		11.3333
985		9
986		0
987		0
988		13.8
989		17.3333
990		8
991		24
992		32
993		8
994		0
995		0
996		14
997		12.1667
998		8
999		0
1000		8
1001		0
1002		23
1003		0
1004		13.4
1005		8.2
1006		0
1007		0
1008		12
1009		40
1010		17.4
1011		7
1012		8
1013		8
1014		0
1015		0
1016		23.4
1017		12
1018		7.5
1019		0
1020		23.3333
1021		8
1022		40
1023		0
1024		8.75
1025		9
1026		9
1027		0
1028		10
1029		26.25
1030		10.5
1031		20
1032		8
1033		8
1034		0
1035		0
1036		20.2
1037		9.66667
1038		8
1039		0
1040		20.5
1041		0
1042		40
1043		6
1044		9.2
1045		20
1046		0
1047		0
1048		9.33333
1049		27
1050		15.6667
1051		0
1052		20
1053		8
1054		0
1055		0
1056		16.8571
1057		8.5
1058		8.5
1059		0
1060		18
1061		7
1062		21.6667
1063		0
1064		8.16667
1065		14.3333
1066		0
1067		0
1068		10
1069		23.5
1070		8
1071		18.5
1072		14.75
1073		8
1074		0
1075		0
1076		17.5
1077		7.66667
1078		7.33333
1079		14
1080		13.3333
1081		31
1082		27.5
1083		0
1084		8.5
1085		10
1086		0
1087		0
1088		22.75
1089		21.3333
1090		14
1091		9
1092		16.25
1093		8
1094		0
1095		0
1096		18
1097		8
1098		9
1099		0
1100		8.5
1101		0
1102		28.5
1103		0
1104		8.8
1105		16.8
1106		0
1107		28
1108		13
1109		29
1110		7.33333
1111		31
1112		8
1113		9.4
1114		0
1115		0
1116		19.3333
1117		8
1118		8
1119		7
1120		10
1121		0
1122		26.5
1123		7
1124		15.2
1125		16.6667
1126		28
1127		0
1128		0
1129		23.3333
1130		7.66667
1131		0
1132		14.25
1133		8
1134		0
1135		0
1136		17
1137		8
1138		16.6667
1139		0
1140		41.75
1141		0
1142		27.5
1143		0
1144		9.2
1145		14.75
1146		0
1147		0
1148		20
1149		21.3333
1150		7.33333
1151		0
1152		17
1153		9.25
1154		0
1155		0
1156		15.6
1157		8
1158		17.3333
1159		0
1160		11
1161		8
1162		28.5
1163		0
1164		16
1165		8
1166		10
1167		0
1168		18
1169		29
1170		7.33333
1171		0
1172		19
1173		99.6667
1174		6
1175		0
1176		18.1667
1177		22.5
1178		8
1179		6
1180		16
1181		28
1182		40
1183		6
1184		19.25
1185		16.5
1186		16
1187		0
1188		24
1189		26.3333
1190		14
1191		0
1192		9.66667
1193		9.33333
1194		0
1195		0
1196		18.3333
1197		39
1198		8
1199		16
1200		12.6667
1201		8
1202		24.5
1203		0
1204		17
1205		8.5
1206		14
1207		28
1208		26
1209		24
1210		7
1211		0
1212		29
1213		11.5
1214		0
1215		6
1216		24
1217		21.5
1218		8
1219		13
1220		12
1221		8
1222		40
1223		8
1224		24
1225		13
1226		20
1227		0
1228		17.3333
1229		24
1230		0
1231		0
1232		8
1233		13.5
1234		11
1235		19
1236		18
1237		0
1238		9
1239		0
1240		14.75
1241		13.5
1242		40
1243		0
1244		21.4
1245		13
1246		20
1247		28
1248		16.5
1249		16
1250		0
1251		0
1252		9
1253		20.5
1254		20
1255		7
1256		40
1257		8
1258		9.25
1259		0
1260		15.5
1261		14.6667
1262		34
1263		23
1264		12.3333
1265		11.5
1266		8
1267		0
1268		8
1269		17.5714
1270		7
1271		0
1272		17.2
1273		8
1274		8
1275		0
1276		30
1277		8
1278		7.66667
1279		0
1280		39.5
1281		18.5
1282		40
1283		28
1284		9.33333
1285		35
1286		8
1287		0
1288		8
1289		18.3333
1290		0
1291		10
1292		14.75
1293		8
1294		8
1295		0
1296		26
1297		14.6667
1298		12.25
1299		37
1300		8
1301		9
1302		40
1303		0
1304		15.3333
1305		22
1306		174
1307		12
1308		13.25
1309		23.5
1310		0
1311		175
1312		8
1313		8
1314		168
1315		101
1316		39.5
1317		34
1318		0
1319		0
1320		19
1321		11
1322		34
1323		8
1324		17.25
1325		50.6667
1326		12
1327		20.5
1328		9.33333
1329		18.3333
1330		0
1331		0
1332		9
1333		41
1334		12
1335		8
1336		25
1337		8
1338		9
1339		0
1340		42
1341		9.33333
1342		40
1343		0
1344		17.25
1345		13
1346		7
1347		0
1348		0
1349		23.6667
1350		8
1351		0
1352		9.75
1353		18.3333
1354		20
1355		20
1356		26
1357		8
1358		9.66667
1359		0
1360		19.3333
1361		8.66667
1362		40
1363		0
1364		18
1365		13.5
1366		8
1367		0
1368		8.75
1369		14.2
1370		0
1371		6
1372		12
1373		40
1374		7.66667
1375		0
1376		21.3333
1377		8
1378		9
1379		0
1380		18.3333
1381		10.5
1382		18.6667
1383		12
1384		20
1385		0
1386		8
1387		7
1388		17.6667
1389		14.4
1390		0
1391		0
1392		8
1393		21
1394		9
1395		7.5
1396		18.3333
1397		20.5
1398		8.5
1399		0
1400		7
1401		15
1402		40
1403		0
1404		12.4
1405		0
1406		8
1407		0
1408		15.3333
1409		18.3333
1410		28
1411		0
1412		8
1413		0
1414		0
1415		0
1416		40
1417		14.5
1418		9
1419		0
1420		0
1421		8
1422		40
1423		0
1424		16.3333
1425		8
1426		8
1427		0
1428		10
1429		18.3333
1430		0
1431		0
1432		8
1433		37
1434		0
1435		0
1436		18.6667
1437		8
1438		9
1439		0
1440		23
1441		7.66667
1442		40
1443		0
1444		15
1445		9
1446		7
1447		0
1448		21
1449		14
1450		0
1451		0
1452		8.4
1453		8
1454		8
1455		8
1456		18.6667
1457		13.8
1458		8.33333
1459		0
1460		8
1461		8.5
1462		24
1463		0
1464		13.6
1465		9
1466		8
1467		0
1468		22.5
1469		18.3333
1470		8
1471		0
1472		12.2857
1473		8
1474		0
1475		0
1476		18.6667
1477		16.3333
1478		7.75
1479		0
1480		8
1481		8.5
1482		40
1483		0
1484		11.8571
1485		8.5
1486		8
1487		0
1488		19
1489		23.5
1490		0
1491		0
1492		8.5
1493		13.75
1494		0
1495		0
1496		20
1497		18.5
1498		13
1499		7
1500		8
1501		8
1502		40
1503		0
1504		11.8
1505		11
1506		8
1507		0
1508		28
1509		14.4
1510		0
1511		0
1512		10
1513		8.33333
1514		9
1515		0
1516		16.75
1517		17.75
1518		9
1519		20
1520		20
1521		8
1522		24
1523		0
1524		15
1525		8
1526		8
1527		0
1528		19
1529		16.5
1530		7
1531		0
1532		7.66667
1533		0
1534		0
1535		0
1536		16
1537		14.25
1538		16.5
1539		0
1540		8.5
1541		8
1542		23
1543		0
1544		17.2
1545		8
1546		8
1547		0
1548		8
1549		16.75
1550		21
1551		0
1552		8
1553		8
1554		0
1555		0
1556		21
1557		14.75
1558		7.75
1559		6
1560		12
1561		0
1562		19.6667
1563		0
1564		14.5
1565		10.5
1566		8
1567		0
1568		11
1569		30.25
1570		38
1571		0
1572		9.2
1573		8
1574		0
1575		6
1576		30.3333
1577		13.5
1578		9.25
1579		7
1580		18
1581		16
1582		19
1583		0
1584		7
1585		33
1586		8
1587		0
1588		10
1589		14
1590		0
1591		0
1592		16.6667
1593		8
1594		8
1595		0
1596		23.25
1597		8.5
1598		8
1599		0
1600		9
1601		7
1602		40
1603		28
1604		14
1605		35
1606		7.5
1607		0
1608		8
1609		16.25
1610		0
1611		0
1612		15
1613		8
1614		8
1615		6
1616		28.3333
1617		8
1618		9
1619		0
1620		15
1621		32
1622		21
1623		0
1624		8.66667
1625		0
1626		8
1627		0
1628		17.3333
1629		17.3333
1630		0
1631		0
1632		11
1633		13
1634		0
1635		0
1636		28
1637		8
1638		9
1639		0
1640		17
1641		8
1642		40
1643		28
1644		10.6667
1645		8
1646		8.5
1647		0
1648		10
1649		23
1650		0
1651		0
1652		7
1653		11.5
1654		8
1655		0
1656		24.25
1657		8
1658		9
1659		0
1660		18
1661		20
1662		24
1663		0
1664		18.75
1665		35
1666		10
1667		7
1668		8
1669		22
1670		0
1671		0
1672		7.25
1673		17
1674		8
1675		0
1676		25.5
1677		8
1678		9
1679		120
1680		18.5
1681		40
1682		49.3333
1683		0
1684		13.5
1685		11
1686		10.6667
1687		108
1688		9.5
1689		31
1690		68
1691		0
1692		7.6
1693		20
1694		8
1695		39
1696		20
1697		18.75
1698		15.3333
1699		0
1700		20.5
1701		11.25
1702		24
1703		0
1704		8
1705		10
1706		10.5
1707		0
1708		7.66667
1709		20
1710		0
1711		0
1712		10
1713		21
1714		22
1715		6
1716		24
1717		8
1718		0
1719		0
1720		22
1721		20
1722		22
1723		22
1724		8
1725		7.66667
1726		14
1727		0
1728		8.66667
1729		25.2
1730		32
1731		36
1732		7
1733		13
1734		8
1735		0
1736		24
1737		8
1738		8.5
1739		8
1740		23.3333
1741		8.25
1742		18
1743		0
1744		8
1745		22.5
1746		16
1747		7
1748		8
1749		15.75
1750		0
1751		0
1752		14.75
1753		16.5
1754		8.5
1755		0
1756		15.2
1757		8
1758		23.5
1759		0
1760		12.5
1761		9.5
1762		18.6667
1763		0
1764		21.5
1765		9.5
1766		17
1767		6
1768		12.8571
1769		18.75
1770		0
1771		0
1772		8
1773		20.5
1774		8.66667
1775		0
1776		16
1777		15.6667
1778		12.5
1779		12
1780		7
1781		9.33333
1782		24
1783		0
1784		20
1785		8
1786		8
1787		0
1788		14.2
1789		23.5
1790		7.5
1791		0
1792		8
1793		18
1794		13
1795		0
1796		19
1797		13.6667
1798		9
1799		0
1800		7
1801		8
1802		40
1803		9
1804		12.75
1805		16
1806		8
1807		0
1808		10.5
1809		17
1810		24
1811		0
1812		8
1813		0
1814		0
1815		0
1816		16.5
1817		14.25
1818		9
1819		12.5
1820		8
1821		0
1822		40
1823		0
1824		13.4
1825		7.25
1826		8
1827		0
1828		10
1829		23.5
1830		13.5
1831		0
1832		10
1833		8
1834		0
1835		0
1836		25.3333
1837		10
1838		8.33333
1839		0
1840		8
1841		8
1842		40
1843		6
1844		9
1845		33
1846		8
1847		0
1848		7.66667
1849		18.3333
1850		14
1851		8
1852		13
1853		9
1854		0
1855		0
1856		21.5
1857		11
1858		9
1859		0
1860		12
1861		8.33333
1862		40
1863		0
1864		10.2
1865		35
1866		8.66667
1867		0
1868		9.5
1869		15.8
1870		13.5
1871		7
1872		13.4
1873		7
1874		0
1875		0
1876		18.8
1877		12.3333
1878		9.33333
1879		8
1880		8
1881		8
1882		40
1883		0
1884		10.5
1885		15.25
1886		8
1887		0
1888		0
1889		15.75
1890		10.75
1891		0
1892		15.5
1893		8
1894		0
1895		0
1896		17.3333
1897		13.6667
1898		8.33333
1899		0
1900		8
1901		19
1902		40
1903		0
1904		12
1905		8
1906		8
1907		0
1908		20.3333
1909		18.3333
1910		13
1911		0
1912		8
1913		8
1914		0
1915		0
1916		15.6
1917		24.6667
1918		9
1919		0
1920		0
1921		8
1922		40
1923		6
1924		20.75
1925		16
1926		8
1927		0
1928		10
1929		23.6667
1930		21
1931		0
1932		8
1933		49
1934		0
1935		0
1936		20
1937		11.25
1938		9
1939		16
1940		28
1941		8
1942		40
1943		0
1944		12
1945		8
1946		8.5
1947		0
1948		10
1949		20.6667
1950		12.6667
1951		7
1952		8
1953		8
1954		0
1955		0
1956		18.7143
1957		10.4
1958		8.5
1959		0
1960		45
1961		8
1962		40
1963		6
1964		9.16667
1965		8.5
1966		8
1967		0
1968		10
1969		24.5
1970		15.6667
1971		20
1972		7.75
1973		0
1974		0
1975		0
1976		26.25
1977		11.25
1978		7.66667
1979		0
1980		8
1981		12
1982		26
1983		6
1984		10.2
1985		20.3333
1986		8
1987		9
1988		0
1989		18.75
1990		11.6667
1991		8
1992		19
1993		8.33333
1994		0
1995		0
1996		29.3333
1997		10.25
1998		12.3333
1999		12
2000		15.75
2001		8
2002		40
2003		6.5
2004		11.3333
2005		23
2006		8
2007		0
2008		9.33333
2009		16
2010		13
2011		8
2012		17.3333
2013		8.5
2014		0
2015		0
2016		20
2017		8
2018		8
2019		8
2020		7.33333
2021		31
2022		23
2023		0
2024		8.66667
2025		15.3333
2026		0
2027		0
2028		8
2029		16
2030		8
2031		0
2032		19
2033		9.25
2034		0
2035		0
2036		20.5
2037		8
2038		0
2039		0
2040		11
2041		8
2042		18
2043		0
2044		9
2045		31
2046		10
2047		0
2048		20
2049		18.6667
2050		8
2051		0
2052		15
2053		11.5
2054		0
2055		0
2056		23.5
2057		8
2058		9
2059		6
2060		12
2061		17
2062		23
2063		0
2064		9.33333
2065		24
2066		13.5
2067		0
2068		17
2069		23.5
2070		8
2071		0
2072		24.6667
2073		8.75
2074		0
2075		0
2076		14.2
2077		8
2078		0
2079		0
2080		9
2081		37
2082		16
2083		0
2084		9
2085		0
2086		10
2087		28
2088		15.5
2089		15.5
2090		8
2091		0
2092		36
2093		13.5
2094		9
2095		0
2096		18.75
2097		8
2098		0
2099		0
2100		7.5
2101		51.5
2102		24.5
2103		0
2104		8
2105		8
2106		0
2107		0
2108		18.6667
2109		18.3333
2110		8
2111		0
2112		17.6667
2113		9.5
2114		0
2115		0
2116		15.75
2117		17.3333
2118		0
2119		0
2120		9
2121		9
2122		23
2123		0
2124		15.25
2125		8
2126		9
2127		0
2128		9
2129		15.75
2130		8
2131		0
2132		8.4
2133		27
2134		8.33333
2135		0
2136		22.3333
2137		8
2138		0
2139		0
2140		15
2141		9
2142		18
2143		0
2144		23
2145		16
2146		10.6667
2147		6
2148		9.66667
2149		17.8333
2150		8
2151		0
2152		8.66667
2153		21.5
2154		10.5
2155		8
2156		23.25
2157		8.16667
2158		0
2159		0
2160		14.8
2161		11
2162		18
2163		0
2164		16.3333
2165		8.25
2166		6
2167		0
2168		10.3333
2169		21.5
2170		8.5
2171		0
2172		9
2173		15.5
2174		11.5
2175		7
2176		27.6667
2177		8
2178		0
2179		0
2180		12.2
2181		10.6667
2182		18
2183		0
2184		8
2185		7
2186		18.5
2187		0
2188		11
2189		13.3333
2190		8
2191		0
2192		12
2193		20
2194		13.75
2195		13
2196		18.3333
2197		8
2198		0
2199		0
2200		17.8
2201		13
2202		23
2203		0
2204		16.3333
2205		8
2206		12
2207		6
2208		13
2209		23.5
2210		8
2211		0
2212		10
2213		15.5
2214		0
2215		0
2216		15.75
2217		14.25
2218		0
2219		0
2220		8
2221		0
2222		17.75
2223		16
2224		13.8333
2225		8
2226		8
2227		0
2228		14.6667
2229		29.5
2230		28.3333
2231		36
2232		8
2233		8.4
2234		0
2235		0
2236		15.75
2237		15.25
2238		8
2239		0
2240		9.66667
2241		8
2242		16
2243		0
2244		14
2245		8
2246		9
2247		0
2248		9.33333
2249		15.5
2250		13.8
2251		0
2252		8
2253		8.33333
2254		8
2255		0
2256		15.25
2257		16.25
2258		8
2259		0
2260		7.33333
2261		0
2262		16
2263		6
2264		14.8
2265		7
2266		0
2267		0
2268		15.75
2269		17.2
2270		12.5
2271		0
2272		24
2273		15
2274		0
2275		0
2276		14
2277		14
2278		0
2279		6
2280		7
2281		12
2282		15.25
2283		0
2284		19
2285		8
2286		8
2287		0
2288		10
2289		15.2
2290		12
2291		28
2292		0
2293		17.6667
2294		0
2295		7
2296		19.6
2297		22.25
2298		0
2299		0
2300		21.3333
2301		9.33333
2302		15.75
2303		13
2304		11
2305		19
2306		28.5
2307		7
2308		10
2309		19.6
2310		16
2311		12.5
2312		11.5
2313		22.5
2314		7
2315		0
2316		18.3333
2317		8
2318		7
2319		0
2320		39
2321		11
2322		15.75
2323		0
2324		16
2325		0
2326		8
2327		0
2328		8
2329		18.3333
2330		8
2331		0
2332		8
2333		40
2334		9
2335		0
2336		22.5
2337		8
2338		8
2339		0
2340		15
2341		0
2342		23
2343		40
2344		17.5
2345		8
2346		40
2347		0
2348		8
2349		15.75
2350		8
2351		23
2352		24.5
2353		0
2354		8
2355		0
2356		18.8333
2357		17.3333
2358		36
2359		0
2360		9
2361		0
2362		23
2363		0
2364		8
2365		24.5
2366		0
2367		0
2368		8
2369		23.5
2370		8
2371		0
2372		19.3333
2373		8.33333
2374		0
2375		0
2376		27.6667
2377		8
2378		0
2379		28
2380		16.75
2381		36
2382		23
2383		0
2384		20
2385		34
2386		6
2387		0
2388		8
2389		18.3333
2390		8
2391		0
2392		23.5
2393		8
2394		0
2395		0
2396		18.6
2397		8
2398		6
2399		0
2400		0
2401		8
2402		18
2403		0
2404		11
2405		22.5
2406		152
2407		68
2408		21
2409		39.75
2410		8
2411		0
2412		14
2413		7
2414		28
2415		108
2416		18.3333
2417		9
2418		11
2419		0
2420		8.66667
2421		18.3333
2422		23
2423		0
2424		9.5
2425		10
2426		8.66667
2427		12
2428		17
2429		15.75
2430		8.33333
2431		0
2432		9.5
2433		8
2434		24
2435		0
2436		15.25
2437		9
2438		13
2439		0
2440		15.5
2441		8
2442		23
2443		6
2444		19.6667
2445		10
2446		7.33333
2447		0
2448		10
2449		17.4
2450		13.6667
2451		0
2452		15
2453		16.5
2454		8
2455		0
2456		16.75
2457		9.25
2458		15
2459		16
2460		15.5
2461		8
2462		15.5
2463		0
2464		16.75
2465		10.6667
2466		7.66667
2467		0
2468		8
2469		19.8
2470		9.5
2471		7
2472		9
2473		8
2474		8
2475		0
2476		19.6
2477		10.3333
2478		13
2479		8
2480		14.75
2481		8
2482		23
2483		0
2484		8
2485		10
2486		7
2487		0
2488		8
2489		23.25
2490		8
2491		0
2492		8.25
2493		8
2494		8
2495		0
2496		21
2497		8
2498		12
2499		0
2500		8
2501		9
2502		22.75
2503		0
2504		8
2505		13
2506		6
2507		9
2508		7.66667
2509		20.6
2510		8
2511		0
2512		10.5
2513		8
2514		8.33333
2515		0
2516		18.8333
2517		8
2518		9
2519		0
2520		17.25
2521		18
2522		23
2523		0
2524		12.3333
2525		8
2526		7
2527		0
2528		8
2529		22
2530		8
2531		0
2532		8.33333
2533		17.75
2534		14
2535		0
2536		15.5
2537		14.5
2538		0
2539		0
2540		8
2541		8.5
2542		23
2543		0
2544		12.8
2545		8
2546		0
2547		0
2548		29
2549		15.75
2550		7
2551		0
2552		9.33333
2553		8
2554		0
2555		0
2556		18.3333
2557		16
2558		8
2559		0
2560		9.6
2561		12
2562		23
2563		0
2564		16.3333
2565		8
2566		7.66667
2567		0
2568		31
2569		18.6667
2570		8
2571		0
2572		7.25
2573		18.6667
2574		0
2575		9
2576		23.5
2577		18
2578		0
2579		0
2580		8
2581		0
2582		17.6667
2583		0
2584		14
2585		0
2586		7
2587		7
2588		10
2589		14.4
2590		18.5
2591		0
2592		8
2593		13.3333
2594		8
2595		0
2596		15.4286
2597		7.75
2598		16
2599		12
2600		12.75
2601		7.5
2602		15.25
2603		0
2604		12.25
2605		8
2606		7.5
2607		0
2608		8.66667
2609		15.1429
2610		8
2611		0
2612		8
2613		16
2614		8
2615		0
2616		16.25
2617		8
2618		0
2619		6
2620		12.5
2621		7
2622		17
2623		7
2624		8
2625		8
2626		15
2627		0
2628		7.5
2629		15.8
2630		8
2631		8
2632		0
2633		13
2634		8
2635		0
2636		18.3333
2637		8.5
2638		9
2639		0
2640		14.6667
2641		8
2642		23
2643		0
2644		7.33333
2645		8
2646		6
2647		0
2648		14
2649		25
2650		10
2651		0
2652		8
2653		10
2654		0
2655		0
2656		18.2
2657		8
2658		0
2659		0
2660		13
2661		8
2662		20.6667
2663		0
2664		8
2665		8
2666		8.5
2667		0
2668		8
2669		18.8
2670		8
2671		0
2672		6.66667
2673		10.4
2674		8
2675		0
2676		21.25
2677		16
2678		10
2679		0
2680		14.2
2681		8
2682		18
2683		0
2684		8
2685		28
2686		9.5
2687		0
2688		10.6667
2689		18.3333
2690		8
2691		0
2692		12.25
2693		10.3333
2694		8
2695		0
2696		24.6667
2697		8
2698		0
2699		6
2700		9.8
2701		14
2702		18
2703		0
2704		10
2705		13.6667
2706		10.3333
2707		0
2708		15.8
2709		15.75
2710		16
2711		0
2712		14.3333
2713		10.5
2714		8
2715		16
2716		18.3333
2717		13.3333
2718		0
2719		0
2720		9
2721		8
2722		15.75
2723		0
2724		13.6667
2725		8
2726		9
2727		0
2728		8
2729		15.75
2730		13.6667
2731		0
2732		7.25
2733		13
2734		8
2735		0
2736		20.25
2737		8
2738		8
2739		0
2740		9.5
2741		8.5
2742		18
2743		0
2744		7.5
2745		18
2746		14
2747		0
2748		7.75
2749		15.75
2750		8
2751		0
2752		29
2753		10
2754		7
2755		0
2756		17
2757		8
2758		29
2759		0
2760		10
2761		7.66667
2762		15.75
2763		28
2764		9.5
2765		0
2766		0
2767		0
2768		12.75
2769		13.5
2770		8
2771		8
2772		25
2773		14
2774		6
2775		6
2776		15.6
2777		12
2778		0
2779		0
2780		0
2781		8.5
2782		16.25
2783		0
2784		12.25
2785		8
2786		16
2787		12
2788		16.5
2789		14.6
2790		8
2791		0
2792		8
2793		8
2794		0
2795		0
2796		15.2
2797		12.6
2798		9
2799		0
2800		0
2801		8.5
2802		19.6667
2803		0
2804		12.8333
2805		8
2806		0
2807		0
2808		7
2809		18
2810		9.33333
2811		0
2812		8
2813		13.25
2814		0
2815		0
2816		16.25
2817		11.5
2818		14
2819		0
2820		19.5
2821		8
2822		23
2823		0
2824		10.6667
2825		12
2826		19.5
2827		0
2828		12.6667
2829		14.4
2830		7
2831		0
2832		8
2833		20
2834		7
2835		0
2836		15.5
2837		10.5
2838		8
2839		0
2840		19.5
2841		8
2842		18
2843		0
2844		11
2845		8
2846		20.5
2847		7
2848		10
2849		18.3333
2850		9.33333
2851		0
2852		33
2853		0
2854		7
2855		0
2856		20.8
2857		18
2858		0
2859		0
2860		8.33333
2861		0
2862		23
2863		0
2864		8
2865		22.5
2866		0
2867		0
2868		10
2869		23.6667
2870		14
2871		0
2872		35
2873		8.5
2874		0
2875		0
2876		23.5
2877		8
2878		35
2879		0
2880		11.25
2881		0
2882		23
2883		0
2884		12.6667
2885		36
2886		44
2887		40
2888		8
2889		20
2890		8
2891		0
2892		17.6667
2893		8
2894		0
2895		0
2896		17.5
2897		16
2898		0
2899		0
2900		7.66667
2901		0
2902		23
2903		0
2904		8
2905		19
2906		0
2907		0
2908		8
2909		23.5
2910		8
2911		0
2912		18.6667
2913		8
2914		0
2915		0
2916		19.6667
2917		8
2918		39
2919		0
2920		7.75
2921		12
2922		23
2923		0
2924		21
2925		12
2926		8
2927		0
2928		15.25
2929		18.3333
2930		8
2931		0
2932		21.5
2933		7
2934		0
2935		0
2936		13.8333
2937		16
2938		0
2939		0
2940		8
2941		9
2942		23
2943		0
2944		14.4
2945		0
2946		7.5
2947		0
2948		9.5
2949		15.75
2950		8
2951		0
2952		7.5
2953		21
2954		9.5
2955		7
2956		18
2957		8
2958		0
2959		0
2960		15.75
2961		8.4
2962		23
2963		0
2964		9.33333
2965		0
2966		8
2967		0
2968		10.5
2969		17
2970		8
2971		0
2972		13
2973		13
2974		7.33333
2975		0
2976		20.6
2977		8
2978		8
2979		6
2980		10
2981		8
2982		23
2983		0
2984		8.8
2985		25.3333
2986		12
2987		0
2988		10
2989		18.3333
2990		8
2991		0
2992		28.5
2993		9.5
2994		8
2995		0
2996		24.25
2997		10
2998		0
2999		0
3000		11
3001		11.75
3002		18.3333
3003		0
3004		9.33333
3005		45
3006		16
3007		17.5
3008		18
3009		15.5
3010		8
3011		44
3012		10
3013		12.3333
3014		9
3015		0
3016		29
3017		13.3333
3018		16
3019		10.5
3020		10.6667
3021		11
3022		27.3333
3023		16
3024		14
3025		23
3026		12
3027		0
3028		14
3029		14.2
3030		9
3031		0
3032		16.2
3033		19
3034		14
3035		6.5
3036		29
3037		10
3038		8
3039		20
3040		11.3333
3041		14
3042		23
3043		8
3044		8
3045		12
3046		13
3047		7
3048		20.6667
3049		13.1667
3050		8
3051		0
3052		22
3053		21
3054		10
3055		0
3056		14
3057		8.75
3058		32
3059		0
3060		14.4
3061		21.4
3062		23
3063		0
3064		8
3065		8
3066		6
3067		23
3068		22.5
3069		14.2
3070		8
3071		0
3072		0
3073		10
3074		22
3075		0
3076		13
3077		8.66667
3078		0
3079		32
3080		24
3081		21.6667
3082		15.5
3083		0
3084		8
3085		9
3086		0
3087		6.5
3088		21.25
3089		18
3090		13.3333
3091		0
3092		28
3093		8
3094		8.5
3095		0
3096		17.75
3097		8
3098		8
3099		0
3100		8
3101		33
3102		19
3103		7
3104		9
3105		19.5
3106		0
3107		0
3108		19
3109		18.2857
3110		8
3111		0
3112		7
3113		8
3114		0
3115		29
3116		21
3117		15.25
3118		16
3119		0
3120		16.3333
3121		8
3122		25.3333
3123		36
3124		9.75
3125		0
3126		16
3127		0
3128		19
3129		18
3130		8
3131		0
3132		8
3133		0
3134		13.5
3135		13
3136		19
3137		8
3138		0
3139		0
3140		31
3141		13
3142		18
3143		8
3144		8.8
3145		16.3333
3146		0
3147		0
3148		8
3149		34
3150		8
3151		9
3152		7.75
3153		9.33333
3154		0
3155		0
3156		18.6
3157		8
3158		0
3159		8
3160		12.75
3161		12
3162		40
3163		0
3164		12.25
3165		8.66667
3166		6
3167		0
3168		8
3169		24
3170		8
3171		0
3172		8
3173		8.33333
3174		8
3175		0
3176		16.5
3177		0
3178		8
3179		0
3180		7.5
3181		24
3182		24.5
3183		7
3184		16
3185		13
3186		0
3187		0
3188		8
3189		19.3333
3190		8
3191		8
3192		10.8
3193		14
3194		12
3195		0
3196		16.5
3197		8
3198		8
3199		0
3200		8
3201		19
3202		19
3203		0
3204		8
3205		8.5
3206		0
3207		0
3208		12.4
3209		15.2
3210		8
3211		0
3212		18.5
3213		8
3214		9.5
3215		0
3216		14
3217		8
3218		8
3219		0
3220		8.66667
3221		21
3222		16.75
3223		0
3224		8
3225		8.33333
3226		8
3227		0
3228		13.2
3229		16.4
3230		8
3231		0
3232		0
3233		8
3234		22
3235		6
3236		12.4286
3237		8
3238		8
3239		0
3240		29
3241		16
3242		15
3243		8.5
3244		8
3245		8.33333
3246		0
3247		0
3248		8.66667
3249		26.6667
3250		8
3251		0
3252		9
3253		8
3254		0
3255		0
3256		17.1667
3257		10
3258		8
3259		0
3260		8.5
3261		0
3262		40
3263		0
3264		8
3265		12.8333
3266		0
3267		0
3268		8
3269		26
3270		8
3271		0
3272		37
3273		8
3274		0
3275		0
3276		15
3277		8
3278		8
3279		0
3280		8
3281		40
3282		19.6667
3283		0
3284		8
3285		9
3286		0
3287		0
3288		18.3333
3289		20.6667
3290		8
3291		0
3292		19.3333
3293		8
3294		0
3295		0
3296		17.5714
3297		8
3298		7.33333
3299		0
3300		8
3301		22
3302		20.3333
3303		0
3304		8
3305		8.6
3306		21
3307		0
3308		7
3309		21.3333
3310		8
3311		9
3312		16
3313		8
3314		8
3315		0
3316		18
3317		8
3318		7
3319		8
3320		8.33333
3321		35
3322		28.5
3323		7
3324		7.33333
3325		8.5
3326		0
3327		0
3328		16.6667
3329		19.75
3330		7.5
3331		0
3332		18.3333
3333		8
3334		0
3335		0
3336		15.2222
3337		8
3338		8
3339		0
3340		0
3341		20.5
3342		23
3343		0
3344		8
3345		8.33333
3346		0
3347		0
3348		20
3349		24
3350		7.33333
3351		0
3352		7.5
3353		8
3354		19.5
3355		0
3356		16.25
3357		8
3358		8
3359		0
3360		20
3361		7.5
3362		24
3363		0
3364		13.4
3365		11
3366		0
3367		0
3368		16
3369		15
3370		8
3371		0
3372		10
3373		16.6667
3374		0
3375		6
3376		14.6
3377		8
3378		9.33333
3379		0
3380		17
3381		8
3382		23
3383		0
3384		7
3385		9
3386		8
3387		0
3388		8.75
3389		26.5
3390		8
3391		0
3392		15.3333
3393		8
3394		8
3395		0
3396		18.1667
3397		8
3398		8
3399		0
3400		22.5
3401		8
3402		30
3403		0
3404		7.6
3405		9.33333
3406		8
3407		0
3408		0
3409		24.25
3410		24
3411		0
3412		9
3413		8.75
3414		8
3415		0
3416		23.75
3417		8
3418		8.66667
3419		0
3420		23.5
3421		8
3422		40
3423		0
3424		8.4
3425		20
3426		8
3427		0
3428		8
3429		24
3430		8
3431		0
3432		20.8
3433		8.6
3434		8
3435		0
3436		18.6667
3437		8
3438		11
3439		39
3440		8
3441		27
3442		40
3443		0
3444		17.6667
3445		12
3446		7
3447		8
3448		21
3449		18.6667
3450		8
3451		0
3452		10.75
3453		8
3454		0
3455		0
3456		16.75
3457		38
3458		10
3459		0
3460		10
3461		8
3462		40
3463		0
3464		19.5
3465		12.6667
3466		8
3467		49.5
3468		16
3469		40
3470		16
3471		0
3472		10.6667
3473		16.5
3474		0
3475		0
3476		23.5
3477		16
3478		13
3479		12
3480		16.75
3481		8
3482		24.5
3483		0
3484		8
3485		9
3486		25.5
3487		0
3488		8
3489		16.25
3490		8
3491		0
3492		6
3493		26
3494		7
3495		0
3496		18.3333
3497		8
3498		8
3499		0
3500		16.5
3501		0
3502		24
3503		0
3504		24
3505		8.5
3506		0
3507		0
3508		8
3509		40
3510		8
3511		0
3512		8
3513		24
3514		0
3515		0
3516		13.1667
3517		9
3518		8
3519		0
3520		24
3521		8
3522		40
3523		0
3524		7.75
3525		10
3526		40
3527		0
3528		8
3529		18.6667
3530		8
3531		0
3532		13.5
3533		8
3534		0
3535		0
3536		16
3537		8
3538		7
3539		41
3540		8
3541		7.66667
3542		40
3543		0
3544		8
3545		20.6667
3546		8
3547		8
3548		7.66667
3549		24
3550		8
3551		0
3552		20
3553		8
3554		8.5
3555		0
3556		19.8
3557		8.5
3558		10.5
3559		7
3560		7.66667
3561		21.5
3562		24
3563		0
3564		7.33333
3565		17
3566		7
3567		0
3568		8
3569		40
3570		8
3571		0
3572		17
3573		9.33333
3574		0
3575		0
3576		26.6667
3577		8
3578		8
3579		0
3580		8.25
3581		20
3582		40
3583		0
3584		8
3585		17.3333
3586		0
3587		0
3588		8
3589		23.5
3590		16
3591		0
3592		23
3593		8
3594		0
3595		0
3596		22.5
3597		8
3598		8
3599		0
3600		10
3601		7.5
3602		40
3603		0
3604		7.5
3605		23.5
3606		0
3607		0
3608		8
3609		20
3610		8
3611		0
3612		15.75
3613		8.25
3614		0
3615		0
3616		23.5
3617		0
3618		8
3619		0
3620		8.2
3621		16.5
3622		40
3623		0
3624		8
3625		9
3626		6
3627		0
3628		19.3333
3629		14.4
3630		8
3631		0
3632		12
3633		8
3634		8
3635		0
3636		18.3333
3637		20.6667
3638		8
3639		0
3640		0
3641		12
3642		40
3643		0
3644		18
3645		8.33333
3646		0
3647		0
3648		45
3649		40
3650		8
3651		0
3652		8
3653		17.25
3654		0
3655		0
3656		15.75
3657		0
3658		7
3659		0
3660		17.5
3661		8
3662		40
3663		0
3664		8
3665		10
3666		10.5
3667		0
3668		7.5
3669		24.25
3670		8
3671		0
3672		10.6667
3673		10
3674		7.33333
3675		0
3676		20.2
3677		0
3678		8.66667
3679		0
3680		24.3333
3681		8
3682		40
3683		9
3684		7.33333
3685		10
3686		11.5
3687		0
3688		8.75
3689		33.6667
3690		12
3691		8
3692		11
3693		9.5
3694		8
3695		6
3696		22
3697		8
3698		9.33333
3699		0
3700		27.5
3701		9.25
3702		24
3703		8
3704		7.33333
3705		11
3706		11.5
3707		7
3708		7.5
3709		24
3710		8
3711		6
3712		6
3713		10.6667
3714		0
3715		8
3716		19.5
3717		8
3718		8
3719		0
3720		28.5
3721		8.5
3722		23
3723		8
3724		12
3725		8.5
3726		11.5
3727		16
3728		7.5
3729		30
3730		8
3731		0
3732		6.5
3733		12
3734		10
3735		0
3736		20.8
3737		0
3738		8
3739		0
3740		8
3741		8.5
3742		24
3743		0
3744		8
3745		27
3746		0
3747		0
3748		9
3749		18.6667
3750		8
3751		0
3752		16.75
3753		8
3754		0
3755		0
3756		24.25
3757		12
3758		8
3759		0
3760		16
3761		9
3762		40
3763		0
3764		9.25
3765		8.5
3766		0
3767		0
3768		8
3769		21.2
3770		7
3771		0
3772		8
3773		8
3774		0
3775		0
3776		23.5
3777		8
3778		8
3779		0
3780		10
3781		8
3782		39.5
3783		0
3784		8
3785		8.66667
3786		8
3787		0
3788		15.25
3789		26.5
3790		8
3791		0
3792		37
3793		7.66667
3794		0
3795		0
3796		14.1667
3797		9.33333
3798		8
3799		0
3800		8
3801		18.6667
3802		20
3803		0
3804		9.25
3805		8.33333
3806		0
3807		0
3808		17.3333
3809		17.75
3810		9.66667
3811		0
3812		15
3813		8
3814		0
3815		0
3816		15.8
3817		10
3818		7.33333
3819		0
3820		10
3821		24
3822		20.6667
3823		0
3824		9.66667
3825		8.33333
3826		8
3827		0
3828		17.75
3829		21.6667
3830		11.5
3831		0
3832		8
3833		8
3834		0
3835		6
3836		18.25
3837		19.6667
3838		7.33333
3839		0
3840		12
3841		13.3333
3842		26
3843		0
3844		16.25
3845		8.33333
3846		0
3847		0
3848		27
3849		18.5
3850		8
3851		16
3852		7
3853		19
3854		0
3855		0
3856		15.8333
3857		8
3858		8.5
3859		0
3860		18.6667
3861		0
3862		40
3863		7
3864		18
3865		9
3866		18
3867		0
3868		16.3333
3869		24
3870		8
3871		8
3872		8.5
3873		19.6667
3874		0
3875		0
3876		15.75
3877		19
3878		8
3879		0
3880		7.66667
3881		12
3882		40
3883		0
3884		13.75
3885		8.33333
3886		0
3887		0
3888		9.25
3889		24
3890		8
3891		0
3892		8
3893		13.1667
3894		9.5
3895		0
3896		18.3333
3897		8
3898		8
3899		0
3900		13.8
3901		9.5
3902		24
3903		0
3904		20.5
3905		9
3906		6
3907		0
3908		8.75
3909		14.4
3910		8
3911		0
3912		10
3913		22
3914		8.33333
3915		0
3916		18.75
3917		8.66667
3918		8
3919		0
3920		14.5
3921		12
3922		24
3923		0
3924		16.6667
3925		8.5
3926		0
3927		6
3928		9.66667
3929		37
3930		8
3931		0
3932		10
3933		13.6667
3934		16.5
3935		0
3936		27.3333
3937		8
3938		8
3939		0
3940		17.2
3941		7.5
3942		40
3943		0
3944		8
3945		8
3946		0
3947		0
3948		8
3949		32
3950		8
3951		0
3952		10
3953		8
3954		0
3955		28
3956		21
3957		8
3958		8.5
3959		0
3960		17.3333
3961		14
3962		16.25
3963		0
3964		8
3965		7.75
3966		0
3967		0
3968		7.33333
3969		30.6667
3970		7.66667
3971		0
3972		12
3973		8
3974		0
3975		0
3976		18
3977		8
3978		8
3979		0
3980		24.5
3981		8
3982		27.5
3983		0
3984		8
3985		9.5
3986		0
3987		0
3988		8
3989		26
3990		7.33333
3991		0
3992		10
3993		8.33333
3994		0
3995		0
3996		20.5
3997		8
3998		9
3999		0
4000		23
4001		12
4002		28.5
4003		0
4004		9
4005		11
4006		0
4007		0
4008		8
4009		32.6667
4010		8
4011		7
4012		11
4013		8
4014		0
4015		0
4016		23.2
4017		9.33333
4018		8
4019		7
4020		40
4021		9.5
4022		29.5
4023		0
4024		8.5
4025		12.6667
4026		32
4027		16
4028		19.5
4029		26.75
4030		8
4031		9
4032		8
4033		8
4034		10
4035		0
4036		23.2
4037		8.66667
4038		8.5
4039		0
4040		26
4041		8
4042		24
4043		0
4044		7.8
4045		16
4046		0
4047		18.5
4048		8.5
4049		26
4050		8
4051		0
4052		20.5
4053		8.33333
4054		0
4055		8
4056		22.75
4057		10
4058		8
4059		0
4060		13.25
4061		9
4062		40
4063		0
4064		9.25
4065		14
4066		6
4067		0
4068		9.5
4069		34.5
4070		9
4071		0
4072		9
4073		9
4074		0
4075		0
4076		16.2857
4077		20
4078		8
4079		0
4080		17
4081		8.5
4082		40
4083		6
4084		8.5
4085		13.25
4086		16
4087		0
4088		8.6
4089		24.25
4090		12.3333
4091		0
4092		7
4093		9.66667
4094		7.33333
4095		0
4096		18.6
4097		8.5
4098		8
4099		0
4100		19
4101		7.6
4102		24
4103		0
4104		8.66667
4105		12.25
4106		11.5
4107		0
4108		8.75
4109		16
4110		9.5
4111		28
4112		18.3333
4113		10
4114		7
4115		0
4116		16.1667
4117		0
4118		7
4119		0
4120		18
4121		7.66667
4122		19
4123		13
4124		8
4125		10.75
4126		0
4127		0
4128		8.75
4129		19
4130		13.3333
4131		0
4132		20
4133		8.25
4134		6
4135		0
4136		17.1667
4137		8
4138		8.5
4139		18.5
4140		7.33333
4141		8
4142		24
4143		0
4144		11
4145		12.6667
4146		6
4147		8
4148		13
4149		24
4150		8
4151		0
4152		8
4153		11.5
4154		8
4155		0
4156		23.5
4157		8.5
4158		8
4159		0
4160		10.5
4161		8
4162		40
4163		0
4164		12
4165		8
4166		10
4167		0
4168		8
4169		16.6
4170		8
4171		0
4172		7
4173		10.3333
4174		8
4175		0
4176		13.8571
4177		8.5
4178		8
4179		0
4180		8
4181		8
4182		16.6
4183		0
4184		8.33333
4185		9
4186		7
4187		0
4188		18
4189		16.75
4190		7.5
4191		0
4192		10
4193		8.25
4194		0
4195		0
4196		13.8333
4197		10.5
4198		8
4199		6
4200		8
4201		11
4202		20
4203		0
4204		8.75
4205		12.5
4206		20
4207		0
4208		10
4209		17.5
4210		8
4211		0
4212		15.3333
4213		8
4214		0
4215		16
4216		13.2857
4217		8.5
4218		8
4219		0
4220		8
4221		28
4222		18.4
4223		6
4224		8.5
4225		8.66667
4226		0
4227		0
4228		8
4229		17.75
4230		8.66667
4231		8
4232		9
4233		8
4234		0
4235		0
4236		14.8333
4237		8
4238		8
4239		0
4240		8
4241		13
4242		21.3333
4243		0
4244		8
4245		9
4246		0
4247		0
4248		9.83333
4249		18.5
4250		8
4251		9
4252		0
4253		8
4254		9.5
4255		0
4256		17
4257		10.5
4258		18
4259		0
4260		8.5
4261		14
4262		18.5
4263		0
4264		10
4265		12.3333
4266		10
4267		16
4268		9.33333
4269		19
4270		8
4271		0
4272		8
4273		9.5
4274		8
4275		0
4276		14.1429
4277		8
4278		7
4279		11
4280		8
4281		8
4282		18.5
4283		0
4284		8.4
4285		9
4286		8
4287		8
4288		7.5
4289		17
4290		8
4291		0
4292		8
4293		7.5
4294		8
4295		0
4296		12.8333
4297		8
4298		8
4299		0
4300		9
4301		8.5
4302		23
4303		0
4304		8
4305		9
4306		0
4307		0
4308		9
4309		15.6
4310		8
4311		0
4312		7
4313		8
4314		0
4315		0
4316		13
4317		10.5
4318		8
4319		0
4320		8
4321		8
4322		20
4323		0
4324		9
4325		8.66667
4326		0
4327		0
4328		12
4329		20.6667
4330		8
4331		0
4332		9.33333
4333		8.75
4334		0
4335		0
4336		13.8
4337		0
4338		8
4339		0
4340		12
4341		8
4342		40
4343		0
4344		9
4345		9
4346		0
4347		0
4348		7.66667
4349		19
4350		8
4351		0
4352		8
4353		8
4354		0
4355		0
4356		14.2
4357		8
4358		8
4359		0
4360		7.33333
4361		8
4362		40
4363		0
4364		8.2
4365		9
4366		0
4367		0
4368		8.5
4369		25
4370		8
4371		0
4372		8
4373		10
4374		0
4375		0
4376		14
4377		8.5
4378		8
4379		0
4380		10.3333
4381		8
4382		17.6667
4383		0
4384		8.6
4385		8.5
4386		10
4387		0
4388		6
4389		16.25
4390		8
4391		0
4392		10.4
4393		8
4394		0
4395		0
4396		18.3333
4397		8.2
4398		7.33333
4399		0
4400		8
4401		7
4402		40
4403		7
4404		8.25
4405		11.4
4406		20
4407		0
4408		7.33333
4409		40
4410		8
4411		0
4412		8
4413		8
4414		0
4415		12
4416		13.5
4417		0
4418		8
4419		0
4420		8
4421		10
4422		40
4423		0
4424		8
4425		9
4426		0
4427		0
4428		11
4429		18.6667
4430		8
4431		0
4432		10
4433		8
4434		9
4435		0
4436		15.4
4437		7
4438		8
4439		0
4440		11
4441		13
4442		40
4443		0
4444		8.8
4445		8.5
4446		0
4447		6
4448		14
4449		40
4450		8
4451		0
4452		8.75
4453		16
4454		20
4455		0
4456		17.6667
4457		9
4458		8
4459		0
4460		9
4461		0
4462		40
4463		16
4464		9
4465		8.66667
4466		0
4467		0
4468		8
4469		40
4470		8
4471		0
4472		9.25
4473		9.66667
4474		0
4475		0
4476		23.5
4477		0
4478		7
4479		0
4480		10.6667
4481		8
4482		40
4483		0
4484		10
4485		9
4486		0
4487		0
4488		8.33333
4489		14.6667
4490		10
4491		0
4492		10
4493		11.5
4494		6
4495		0
4496		14.4
4497		7.66667
4498		8
4499		0
4500		11.5
4501		12
4502		19
4503		0
4504		7.66667
4505		8.5
4506		6
4507		0
4508		0
4509		19.25
4510		7
4511		9
4512		6
4513		8.33333
4514		0
4515		0
4516		17.2
4517		8
4518		8
4519		0
4520		8.5
4521		0
4522		40
4523		0
4524		11
4525		13
4526		0
4527		0
4528		8
4529		24
4530		8
4531		0
4532		14
4533		8
4534		0
4535		0
4536		23.5
4537		8
4538		8
4539		0
4540		8
4541		16
4542		24
4543		0
4544		9.66667
4545		9
4546		26
4547		0
4548		11
4549		18.6667
4550		0
4551		9
4552		15.3333
4553		10
4554		9.33333
4555		0
4556		19.5
4557		0
4558		0
4559		8
4560		8.75
4561		14.5
4562		24
4563		0
4564		8
4565		9
4566		9.5
4567		6
4568		16
4569		16.25
4570		8
4571		0
4572		9
4573		8.33333
4574		16
4575		0
4576		15.5
4577		8.33333
4578		8
4579		12
4580		9
4581		13.6667
4582		24
4583		0
4584		8
4585		9
4586		7.5
4587		0
4588		17
4589		16.25
4590		8
4591		0
4592		14
4593		9
4594		8
4595		0
4596		18.3333
4597		14
4598		8.5
4599		0
4600		7.66667
4601		17.5
4602		24
4603		0
4604		14
4605		8.5
4606		6
4607		0
4608		14.6667
4609		19.2
4610		8
4611		0
4612		26
4613		8
4614		12
4615		0
4616		13.8
4617		16.5
4618		8
4619		0
4620		9
4621		23
4622		24
4623		0
4624		7.83333
4625		9
4626		0
4627		0
4628		24
4629		15.4
4630		8
4631		0
4632		11.5
4633		8.5
4634		0
4635		0
4636		15.8
4637		8
4638		8
4639		0
4640		7.5
4641		25
4642		19.6667
4643		0
4644		8.6
4645		8.33333
4646		0
4647		0
4648		26
4649		15.75
4650		8
4651		0
4652		13.3333
4653		9
4654		6
4655		0
4656		23
4657		7.66667
4658		8
4659		0
4660		10
4661		14.5
4662		23.5
4663		0
4664		9.33333
4665		8.25
4666		9
4667		0
4668		16.25
4669		23.5
4670		8
4671		0
4672		7
4673		9.25
4674		22
4675		0
4676		15.75
4677		11
4678		10
4679		6
4680		12
4681		23
4682		24
4683		0
4684		9.33333
4685		16.3333
4686		0
4687		8
4688		13
4689		20.6667
4690		8
4691		0
4692		0
4693		8
4694		24
4695		0
4696		15.4
4697		8.5
4698		8
4699		0
4700		24
4701		12
4702		20.6667
4703		7
4704		8.5
4705		8.33333
4706		0
4707		0
4708		7
4709		24.5
4710		7.33333
4711		0
4712		8
4713		9.25
4714		0
4715		0
4716		18
4717		8
4718		8
4719		0
4720		14
4721		8
4722		26.6667
4723		20
4724		8.57143
4725		16
4726		10
4727		0
4728		0
4729		24.3333
4730		7.33333
4731		0
4732		15.3333
4733		9.75
4734		0
4735		0
4736		17.75
4737		12
4738		8
4739		6
4740		8
4741		21.5
4742		22
4743		0
4744		8
4745		8.5
4746		0
4747		0
4748		36
4749		18.6667
4750		7.33333
4751		0
4752		20.3333
4753		10
4754		0
4755		16
4756		15.25
4757		0
4758		8
4759		0
4760		14
4761		18
4762		40
4763		0
4764		8
4765		8.5
4766		0
4767		0
4768		16
4769		19
4770		14
4771		0
4772		16
4773		8
4774		22
4775		7
4776		15.75
4777		8
4778		8
4779		0
4780		6
4781		23.5
4782		24
4783		8
4784		8
4785		9
4786		38
4787		0
4788		7
4789		24
4790		0
4791		9
4792		22.5
4793		8
4794		8
4795		0
4796		22.5
4797		9
4798		9
4799		8
4800		7.66667
4801		0
4802		40
4803		0
4804		8
4805		16.25
4806		8
4807		0
4808		8
4809		25
4810		8
4811		0
4812		14.6
4813		8
4814		8
4815		0
4816		18.5
4817		8
4818		8.66667
4819		0
4820		8
4821		15
4822		19
4823		0
4824		7.33333
4825		8.5
4826		8
4827		0
4828		17
4829		14
4830		8
4831		0
4832		8
4833		8
4834		22.5
4835		0
4836		13.8333
4837		8
4838		8
4839		34
4840		7.33333
4841		0
4842		19.6667
4843		0
4844		21
4845		8.2
4846		0
4847		8
4848		7
4849		21
4850		8
4851		0
4852		10
4853		15.25
4854		0
4855		0
4856		17.5
4857		8
4858		8
4859		0
4860		19.3333
4861		8
4862		23
4863		0
4864		8
4865		9
4866		23
4867		0
4868		8.33333
4869		15.2
4870		8
4871		0
4872		23
4873		8
4874		7.75
4875		0
4876		17.8333
4877		8
4878		8
4879		0
4880		7
4881		10
4882		16
4883		0
4884		8
4885		15
4886		0
4887		0
4888		8
4889		24
4890		8
4891		0
4892		19.6667
4893		8.25
4894		0
4895		0
4896		17.25
4897		8
4898		7.5
4899		0
4900		7.5
4901		24.5
4902		40
4903		0
4904		9.5
4905		9.4
4906		24
4907		0
4908		16.5
4909		40
4910		8
4911		6
4912		18.25
4913		8
4914		0
4915		0
4916		16.75
4917		16
4918		11.2
4919		42
4920		8
4921		8
4922		40
4923		0
4924		8.5
4925		16.4
4926		8
4927		8
4928		8
4929		24
4930		8
4931		0
4932		18.5
4933		8
4934		8.5
4935		0
4936		20.8
4937		0
4938		10
4939		28
4940		16
4941		8
4942		40
4943		0
4944		8.5
4945		21.6667
4946		8
4947		0
4948		0
4949		24
4950		8.5
4951		0
4952		18.75
4953		8
4954		8
4955		0
4956		24.5
4957		32
4958		14
4959		0
4960		8
4961		8
4962		40
4963		0
4964		12.5
4965		23.3333
4966		8
4967		0
4968		8
4969		31
4970		8
4971		0
4972		17
4973		8
4974		16
4975		0
4976		23.75
4977		8
4978		10.5
4979		7
4980		8
4981		15.5
4982		40
4983		0
4984		7.6
4985		11.75
4986		7.5
4987		0
4988		22.5
4989		18.6667
4990		8
4991		0
4992		16.4
4993		7.66667
4994		8
4995		0
4996		15.75
4997		22
4998		12
4999		0
5000		8
5001		15.6667
5002		40
5003		0
5004		8
5005		12
5006		8
5007		0
5008		16
5009		24
5010		9.5
5011		0
5012		11
5013		8
5014		8
5015		0
5016		16.75
5017		16
5018		10.5
5019		0
5020		8
5021		8
5022		40
5023		0
5024		14
5025		10.3333
5026		8
5027		0
5028		0
5029		24
5030		10.5
5031		0
5032		10.8
5033		14.4
5034		12
5035		0
5036		23.5
5037		14
5038		12
5039		9
5040		18.6667
5041		8
5042		40
5043		0
5044		8.66667
5045		13.3333
5046		24.5
5047		0
5048		0
5049		19
5050		8
5051		0
5052		23.25
5053		8
5054		0
5055		16
5056		18.6667
5057		7.5
5058		9.75
5059		6
5060		8
5061		44
5062		40
5063		0
5064		7.33333
5065		12.5
5066		20
5067		0
5068		26
5069		25.3333
5070		7
5071		0
5072		10.5
5073		8
5074		41
5075		16
5076		15.6667
5077		19
5078		8.75
5079		0
5080		10
5081		24.5
5082		24
5083		0
5084		8.2
5085		10.3333
5086		8
5087		0
5088		17.25
5089		20.3333
5090		8
5091		0
5092		17.75
5093		8
5094		0
5095		6
5096		16.4
5097		15.25
5098		9.66667
5099		0
5100		8
5101		0
5102		16.5
5103		8
5104		16.3333
5105		9.8
5106		0
5107		0
5108		6
5109		27.5
5110		8
5111		6
5112		8
5113		18.3333
5114		0
5115		0
5116		19
5117		13.6667
5118		12.3333
5119		0
5120		23.3333
5121		8
5122		20.6667
5123		0
5124		9.5
5125		8.5
5126		8
5127		16
5128		7
5129		31
5130		14
5131		0
5132		8
5133		8
5134		0
5135		0
5136		23.6
5137		8.33333
5138		8.5
5139		0
5140		42
5141		0
5142		29
5143		0
5144		7.75
5145		16.5
5146		8
5147		0
5148		7
5149		29.5
5150		6.66667
5151		0
5152		16
5153		8
5154		0
5155		0
5156		19
5157		7.5
5158		15.75
5159		0
5160		8
5161		8
5162		30
5163		0
5164		16.6667
5165		8
5166		8
5167		0
5168		14
5169		30.5
5170		7
5171		0
5172		8
5173		16.3333
5174		0
5175		0
5176		17.2
5177		7.5
5178		8.5
5179		0
5180		34
5181		8
5182		40
5183		0
5184		7.8
5185		7.5
5186		21
5187		0
5188		8
5189		15.75
5190		7
5191		0
5192		12
5193		11
5194		9
5195		0
5196		26.6667
5197		8
5198		8.25
5199		0
5200		8.5
5201		8.33333
5202		40
5203		0
5204		7
5205		17.3333
5206		8.66667
5207		0
5208		8
5209		14.2
5210		6
5211		0
5212		14.25
5213		10.5
5214		7.33333
5215		0
5216		27.3333
5217		8
5218		8.5
5219		0
5220		12.4
5221		9
5222		24
5223		0
5224		9.33333
5225		31
5226		7
5227		0
5228		7.66667
5229		18.4
5230		0
5231		0
5232		9.5
5233		12
5234		8
5235		0
5236		21
5237		8.25
5238		9
5239		0
5240		8
5241		9
5242		35
5243		0
5244		8
5245		8.2
5246		8
5247		0
5248		12
5249		23.5
5250		0
5251		0
5252		7.5
5253		8
5254		8
5255		0
5256		14.8
5257		15.25
5258		9
5259		0
5260		12
5261		8.5
5262		24
5263		0
5264		15.75
5265		10
5266		8.5
5267		0
5268		12
5269		15.75
5270		9
5271		0
5272		8.28571
5273		37
5274		0
5275		0
5276		23
5277		11.3333
5278		9.75
5279		7
5280		18
5281		8.33333
5282		40
5283		6
5284		19.6667
5285		7
5286		7.5
5287		0
5288		18
5289		18.3333
5290		15
5291		0
5292		10.75
5293		18
5294		0
5295		0
5296		15.5
5297		8.33333
5298		9
5299		16
5300		16.3333
5301		8
5302		40
5303		0
5304		13.2
5305		8
5306		8.5
5307		0
5308		10
5309		26
5310		10
5311		0
5312		8
5313		15.6667
5314		18
5315		0
5316		15.5
5317		8.75
5318		9
5319		0
5320		13
5321		0
5322		40
5323		0
5324		10
5325		8
5326		15.6667
5327		0
5328		9
5329		18
5330		12
5331		7
5332		19
5333		0
5334		8
5335		0
5336		23.5
5337		8
5338		9
5339		0
5340		8
5341		0
5342		24
5343		0
5344		7.6
5345		15.6667
5346		8
5347		0
5348		12
5349		18.3333
5350		16
5351		20
5352		14
5353		9
5354		0
5355		0
5356		27.3333
5357		8
5358		9
5359		7
5360		8
5361		8
5362		40
5363		0
5364		8
5365		20.5
5366		7.33333
5367		0
5368		8.75
5369		19.75
5370		0
5371		0
5372		16.6
5373		8
5374		8
5375		0
5376		40
5377		8
5378		9
5379		0
5380		8
5381		17.6667
5382		24
5383		0
5384		10
5385		48
5386		8
5387		0
5388		18
5389		15.75
5390		0
5391		0
5392		8
5393		11
5394		44
5395		36
5396		18.6667
5397		19
5398		9
5399		0
5400		10.6667
5401		8
5402		40
5403		0
5404		20.6667
5405		8
5406		8.8
5407		0
5408		8
5409		18.3333
5410		42
5411		0
5412		8.8
5413		9
5414		8
5415		0
5416		40
5417		25.5
5418		9
5419		6
5420		8.33333
5421		10
5422		26
5423		0
5424		17.75
5425		24
5426		10.2
5427		6
5428		40
5429		18.3333
5430		16
5431		0
5432		8.4
5433		19
5434		0
5435		16
5436		40
5437		14.75
5438		10.5
5439		12
5440		10.6
5441		8
5442		40
5443		0
5444		14.75
5445		10.5
5446		7.6
5447		0
5448		7.66667
5449		18.3333
5450		10
5451		0
5452		7.5
5453		15.5
5454		8
5455		9
5456		18.6667
5457		7.66667
5458		7.5
5459		0
5460		16
5461		8
5462		24
5463		8
5464		19
5465		8
5466		7.33333
5467		0
5468		10.2
5469		18.5
5470		0
5471		0
5472		8
5473		19
5474		8
5475		0
5476		13.8333
5477		8.5
5478		9
5479		0
5480		16.6667
5481		8
5482		26.5
5483		0
5484		13.75
5485		8.5
5486		8
5487		0
5488		7
5489		16.7143
5490		8
5491		0
5492		8.25
5493		8
5494		0
5495		0
5496		20.2
5497		8
5498		8.33333
5499		0
5500		14.5
5501		12
5502		27.5
5503		0
5504		8
5505		8.33333
5506		8
5507		0
5508		10.1667
5509		20.8
5510		8
5511		0
5512		14
5513		8
5514		9.5
5515		0
5516		16.2857
5517		9.33333
5518		8.5
5519		0
5520		16.6667
5521		14
5522		19.3333
5523		7
5524		8
5525		31
5526		8
5527		0
5528		10.3333
5529		14.1667
5530		8
5531		8
5532		16
5533		8
5534		10.5
5535		6
5536		17.5
5537		8
5538		7.5
5539		0
5540		6
5541		10.3333
5542		16.5
5543		8
5544		8
5545		19.5
5546		8
5547		0
5548		12.5
5549		12.25
5550		8
5551		0
5552		16.6667
5553		8
5554		13
5555		7
5556		18.8333
5557		8
5558		9
5559		0
5560		7
5561		10.6667
5562		20
5563		0
5564		8
5565		35
5566		8
5567		0
5568		10.2
5569		14.25
5570		0
5571		9
5572		17.3333
5573		8
5574		6
5575		0
5576		17.75
5577		8
5578		17.5
5579		8
5580		7.5
5581		7
5582		28
5583		0
5584		8
5585		18
5586		8
5587		0
5588		8
5589		16.2
5590		8
5591		0
5592		23
5593		8
5594		8
5595		0
5596		21.6667
5597		8
5598		8.5
5599		39
5600		9
5601		0
5602		22
5603		0
5604		18.6667
5605		9
5606		8
5607		8
5608		18.6667
5609		18.75
5610		8
5611		0
5612		8
5613		13
5614		0
5615		6
5616		17.5
5617		23.5
5618		9
5619		0
5620		10
5621		8
5622		27.5
5623		7
5624		18.3333
5625		8
5626		9.33333
5627		0
5628		19.3333
5629		17.1667
5630		20
5631		0
5632		15.1667
5633		25.5
5634		20
5635		0
5636		21
5637		8
5638		9
5639		0
5640		7.75
5641		19.6667
5642		17.25
5643		28
5644		9.33333
5645		8
5646		7
5647		0
5648		15.5
5649		14.5
5650		0
5651		28
5652		17
5653		9.33333
5654		10
5655		0
5656		14.6667
5657		14.75
5658		9
5659		10
5660		8.33333
5661		8
5662		28.5
5663		0
5664		17.6667
5665		8.66667
5666		7.66667
5667		8
5668		6
5669		18.25
5670		37
5671		0
5672		8.2
5673		9
5674		20
5675		9
5676		29.5
5677		22
5678		8
5679		0
5680		9.33333
5681		12
5682		29.5
5683		7.5
5684		18
5685		8
5686		8
5687		0
5688		14.75
5689		22.3333
5690		9
5691		0
5692		7.75
5693		0
5694		0
5695		37
5696		18.75
5697		8
5698		8.5
5699		7
5700		16
5701		7
5702		26
5703		14
5704		8
5705		21.5
5706		8
5707		0
5708		14
5709		26.6667
5710		0
5711		0
5712		8
5713		8.33333
5714		22
5715		13
5716		24
5717		20
5718		32
5719		13
5720		16.25
5721		16
5722		24
5723		8
5724		15
5725		8.33333
5726		0
5727		0
5728		8
5729		24
5730		16
5731		12
5732		8
5733		17
5734		12
5735		0
5736		15.5
5737		0
5738		0
5739		0
5740		14.6
5741		8
5742		24
5743		0
5744		20
5745		9
5746		11
5747		0
5748		8
5749		18.6667
5750		6
5751		9
5752		0
5753		17
5754		6
5755		9
5756		14
5757		8
5758		0
5759		8
5760		21.5
5761		0
5762		24
5763		0
5764		8.25
5765		9.25
5766		36
5767		0
5768		7.5
5769		24.5
5770		0
5771		9
5772		9.66667
5773		15.25
5774		8
5775		0
5776		15.75
5777		9
5778		9.5
5779		8
5780		22.5
5781		8
5782		40
5783		0
5784		8.25
5785		9.75
5786		23
5787		0
5788		9.33333
5789		40
5790		8.5
5791		9
5792		20.3333
5793		8
5794		8
5795		0
5796		14.6
5797		0
5798		9.66667
5799		8
5800		8
5801		24.5
5802		40
5803		0
5804		7.33333
5805		12.5
5806		8
5807		0
5808		24.5
5809		40
5810		8
5811		6
5812		18.5
5813		8
5814		0
5815		0
5816		15
5817		24
5818		15
5819		0
5820		13.3333
5821		39.5
5822		40
5823		0
5824		9.33333
5825		11.3333
5826		0
5827		16
5828		20
5829		24
5830		8
5831		0
5832		13.5
5833		8
5834		25.5
5835		0
5836		14.2
5837		8
5838		9
5839		7
5840		41
5841		8
5842		15.5
5843		0
5844		17.3333
5845		9.33333
5846		0
5847		8
5848		8.66667
5849		24
5850		8
5851		0
5852		10
5853		19
5854		0
5855		0
5856		15
5857		8
5858		7
5859		0
5860		39
5861		8.33333
5862		40
5863		0
5864		22
5865		9.66667
5866		8
5867		6
5868		8.5
5869		32
5870		14
5871		0
5872		9
5873		18.6667
5874		6
5875		0
5876		18.3333
5877		0
5878		8
5879		0
5880		20.3333
5881		8
5882		40
5883		0
5884		23.5
5885		9
5886		0
5887		0
5888		8
5889		18.6667
5890		8
5891		0
5892		10
5893		24
5894		0
5895		28
5896		18.3333
5897		8
5898		8
5899		0
5900		16.25
5901		12.5
5902		40
5903		0
5904		8
5905		8.5
5906		0
5907		0
5908		9
5909		21.8
5910		8
5911		0
5912		9.5
5913		8
5914		9
5915		0
5916		21.6
5917		8
5918		8
5919		0
5920		18
5921		13
5922		40
5923		0
5924		7.75
5925		8.33333
5926		0
5927		6
5928		8
5929		42.5
5930		8
5931		0
5932		9.33333
5933		13.3333
5934		20
5935		0
5936		19.5
5937		8
5938		8
5939		0
5940		24
5941		8
5942		40
5943		16
5944		12
5945		9.75
5946		0
5947		0
5948		0
5949		30.3333
5950		8
5951		0
5952		9.66667
5953		8
5954		9
5955		0
5956		24
5957		7
5958		8
5959		7
5960		8
5961		7
5962		40
5963		0
5964		8
5965		20.6667
5966		8
5967		0
5968		0
5969		19.3333
5970		8
5971		44
5972		7.5
5973		8
5974		8
5975		0
5976		21.4
5977		0
5978		8
5979		8
5980		18.6667
5981		8
5982		25.5
5983		0
5984		15.25
5985		9.33333
5986		0
5987		0
5988		8
5989		23.25
5990		8
5991		0
5992		9.33333
5993		8
5994		0
5995		6
5996		18.5
5997		8
5998		8
5999		0
6000		19.6667
6001		8
6002		26.5
6003		8
6004		8
6005		10.3333
6006		8
6007		0
6008		8
6009		29.6667
6010		8
6011		0
6012		10
6013		12
6014		0
6015		6
6016		21
6017		9
6018		9
6019		0
6020		34
6021		8
6022		27.5
6023		0
6024		12.4286
6025		10.6
6026		8
6027		0
6028		8
6029		29
6030		8
6031		0
6032		8.75
6033		8
6034		0
6035		0
6036		18.5
6037		8
6038		8
6039		7
6040		19
6041		8.25
6042		28.5
6043		0
6044		8
6045		13.2
6046		18
6047		0
6048		13.3333
6049		21.4
6050		8
6051		0
6052		8
6053		8.8
6054		0
6055		16
6056		16.5
6057		8
6058		8
6059		0
6060		26
6061		8
6062		40
6063		0
6064		7.8
6065		14
6066		8
6067		0
6068		8
6069		18.6667
6070		8
6071		0
6072		12.3333
6073		8.2
6074		0
6075		0
6076		23.5
6077		8
6078		11.8
6079		0
6080		8
6081		8
6082		40
6083		0
6084		13
6085		9
6086		6
6087		0
6088		8
6089		19.3333
6090		8
6091		0
6092		8
6093		13
6094		8
6095		0
6096		14.8
6097		0
6098		14
6099		29
6100		7.66667
6101		8
6102		40
6103		0
6104		14.6667
6105		10.5
6106		0
6107		8
6108		15.3333
6109		18.6667
6110		8
6111		0
6112		8
6113		13.6667
6114		0
6115		0
6116		19
6117		14
6118		8
6119		0
6120		9.66667
6121		8
6122		40
6123		0
6124		11.75
6125		10
6126		8.5
6127		0
6128		8
6129		18.6667
6130		8
6131		0
6132		11
6133		12
6134		8.5
6135		0
6136		23.5
6137		8
6138		11
6139		7
6140		12.4
6141		7.5
6142		40
6143		0
6144		7
6145		12
6146		7
6147		0
6148		11
6149		26.3333
6150		12
6151		0
6152		12
6153		8
6154		8
6155		0
6156		21.75
6157		12
6158		10
6159		0
6160		8
6161		8
6162		40
6163		0
6164		7.5
6165		15.2
6166		8
6167		0
6168		0
6169		24
6170		8
6171		0
6172		15.6
6173		8
6174		8
6175		0
6176		27
6177		0
6178		13
6179		0
6180		8.16667
6181		8
6182		40
6183		0
6184		8
6185		19.6667
6186		6.66667
6187		0
6188		8
6189		16
6190		8
6191		0
6192		15.6
6193		8.25
6194		8
6195		0
6196		27.6667
6197		8
6198		11
6199		0
6200		7.8
6201		17
6202		40
6203		7
6204		8
6205		18.6667
6206		7
6207		0
6208		8
6209		21.75
6210		8.5
6211		8
6212		9
6213		8.25
6214		8
6215		0
6216		26
6217		8
6218		8
6219		0
6220		16.75
6221		8
6222		40
6223		0
6224		8
6225		22.5
6226		8
6227		0
6228		8
6229		23
6230		8
6231		0
6232		0
6233		7.66667
6234		24
6235		0
6236		18.1667
6237		8
6238		8
6239		0
6240		32
6241		8
6242		26
6243		0
6244		11.6667
6245		8.33333
6246		0
6247		0
6248		8
6249		34.5
6250		7
6251		0
6252		8
6253		8
6254		0
6255		0
6256		20.75
6257		8
6258		8
6259		0
6260		8.5
6261		8
6262		35
6263		0
6264		8
6265		8.5
6266		8
6267		0
6268		19
6269		26
6270		8
6271		0
6272		15.3333
6273		8
6274		8
6275		0
6276		15.75
6277		8
6278		8
6279		0
6280		8
6281		19.5
6282		24
6283		0
6284		8
6285		8.5
6286		30
6287		0
6288		7.5
6289		19
6290		0
6291		9
6292		19
6293		8
6294		8
6295		0
6296		25
6297		7.66667
6298		0
6299		8
6300		8
6301		0
6302		40
6303		0
6304		8
6305		12.8
6306		0
6307		0
6308		7.5
6309		40
6310		8
6311		0
6312		20
6313		8
6314		0
6315		0
6316		18.3333
6317		10
6318		20
6319		0
6320		8.25
6321		0
6322		40
6323		0
6324		16
6325		8.5
6326		8
6327		0
6328		8
6329		20.6667
6330		8
6331		0
6332		7.75
6333		17
6334		0
6335		0
6336		20.3333
6337		8
6338		8
6339		0
6340		14.4
6341		9.33333
6342		20
6343		0
6344		21
6345		9
6346		0
6347		0
6348		11
6349		17.75
6350		8
6351		0
6352		0
6353		22.5
6354		9.5
6355		6
6356		16.6
6357		14
6358		8
6359		0
6360		15.75
6361		19
6362		21
6363		0
6364		17
6365		9
6366		0
6367		7
6368		9.33333
6369		22.5
6370		8
6371		16
6372		8
6373		10.6667
6374		12
6375		8
6376		19.4
6377		8
6378		8
6379		0
6380		18
6381		0
6382		24.5
6383		0
6384		10.4
6385		11
6386		0
6387		0
6388		8.33333
6389		38.5
6390		8
6391		0
6392		8
6393		8
6394		0
6395		0
6396		18.1667
6397		8
6398		8
6399		0
6400		36
6401		8
6402		40
6403		0
6404		7.8
6405		22
6406		0
6407		0
6408		9
6409		24
6410		8
6411		0
6412		14
6413		8.33333
6414		0
6415		0
6416		18.3333
6417		10.5
6418		22
6419		0
6420		7.5
6421		13
6422		40
6423		0
6424		15.4
6425		8.33333
6426		8
6427		0
6428		10
6429		19
6430		9.33333
6431		0
6432		9.33333
6433		18.3333
6434		9.33333
6435		0
6436		17.6667
6437		11.5
6438		8
6439		0
6440		17.6667
6441		10.3333
6442		24
6443		0
6444		17.5
6445		8.5
6446		8
6447		6
6448		12
6449		19
6450		10
6451		0
6452		9.33333
6453		20.25
6454		18
6455		0
6456		20.25
6457		8
6458		8
6459		0
6460		20.6667
6461		10
6462		40
6463		16
6464		8
6465		9
6466		25
6467		0
6468		11.3333
6469		24
6470		8.5
6471		0
6472		7
6473		16
6474		18
6475		7
6476		17.75
6477		24
6478		8
6479		0
6480		16
6481		11.3333
6482		24.5
6483		0
6484		8
6485		9
6486		7
6487		7
6488		7.6
6489		30.6667
6490		8
6491		0
6492		7.5
6493		9.33333
6494		15.5
6495		13.5
6496		30
6497		8
6498		8
6499		0
6500		19
6501		13.25
6502		24
6503		0
6504		8
6505		8.5
6506		21.75
6507		0
6508		9.66667
6509		30.3333
6510		8.5
6511		16
6512		19.3333
6513		9.5
6514		8
6515		7
6516		30
6517		8.25
6518		8
6519		0
6520		18.6667
6521		8
6522		26
6523		8
6524		7.66667
6525		18.3333
6526		7
6527		0
6528		0
6529		24
6530		8
6531		0
6532		15
6533		8
6534		0
6535		9
6536		18.3333
6537		0
6538		23
6539		0
6540		12
6541		9.25
6542		34
6543		0
6544		8
6545		23.5
6546		8
6547		0
6548		7.5
6549		19.5
6550		8
6551		16
6552		23
6553		8
6554		8
6555		0
6556		14.8
6557		0
6558		18.6667
6559		0
6560		7.66667
6561		0
6562		25.5
6563		0
6564		8
6565		15.75
6566		0
6567		0
6568		9.33333
6569		19
6570		8
6571		39
6572		8
6573		8
6574		9
6575		0
6576		20.8
6577		0
6578		8.66667
6579		8
6580		8
6581		8
6582		19.6667
6583		0
6584		8.2
6585		18.6667
6586		8
6587		0
6588		0
6589		16.75
6590		8
6591		0
6592		16
6593		9
6594		0
6595		0
6596		20
6597		0
6598		8.5
6599		0
6600		9
6601		19.6667
6602		26
6603		0
6604		8
6605		8
6606		9
6607		0
6608		45
6609		13.1429
6610		8
6611		0
6612		17.25
6613		10
6614		0
6615		0
6616		18.3333
6617		24.5
6618		8.5
6619		0
6620		10.3333
6621		10
6622		40
6623		0
6624		17.25
6625		7.75
6626		14.3333
6627		7
6628		8
6629		40
6630		23
6631		0
6632		7.33333
6633		8.8
6634		0
6635		8
6636		23.5
6637		23
6638		7.33333
6639		0
6640		0
6641		8
6642		40
6643		0
6644		14.8
6645		8.33333
6646		8
6647		0
6648		8
6649		40
6650		23.5
6651		7
6652		12
6653		9.66667
6654		0
6655		0
6656		20
6657		0
6658		8
6659		0
6660		9.25
6661		22.5
6662		40
6663		7
6664		8
6665		35
6666		0
6667		0
6668		9
6669		18.6667
6670		8
6671		8
6672		21
6673		8.5
6674		6
6675		0
6676		18.25
6677		22
6678		24.6667
6679		28
6680		13
6681		8.33333
6682		24
6683		0
6684		17
6685		11
6686		9
6687		0
6688		7.5
6689		40
6690		8
6691		0
6692		11
6693		16.25
6694		8
6695		8
6696		16.75
6697		9
6698		9.33333
6699		0
6700		19.75
6701		8
6702		24
6703		0
6704		17
6705		11
6706		9.5
6707		0
6708		7.75
6709		24
6710		8
6711		6
6712		12
6713		24
6714		8
6715		0
6716		16.75
6717		8.75
6718		12
6719		0
6720		24
6721		9
6722		24
6723		12
6724		14.5
6725		10.5
6726		0
6727		0
6728		8
6729		40
6730		9
6731		0
6732		11.3333
6733		18.75
6734		9
6735		0
6736		15
6737		12
6738		8.33333
6739		7
6740		19.3333
6741		12
6742		40
6743		0
6744		8.5
6745		9
6746		25
6747		0
6748		8
6749		16
6750		9
6751		0
6752		24.5
6753		8.5
6754		7.33333
6755		0
6756		24.25
6757		8
6758		12
6759		20
6760		10.8
6761		8
6762		40
6763		8
6764		8
6765		25
6766		8
6767		0
6768		8
6769		16.75
6770		8
6771		8
6772		23.5
6773		8
6774		8
6775		0
6776		20.6
6777		8
6778		8
6779		0
6780		17
6781		8
6782		19.3333
6783		0
6784		8.25
6785		14.75
6786		0
6787		0
6788		7.33333
6789		17.25
6790		8
6791		0
6792		17
6793		8.8
6794		0
6795		0
6796		18.3333
6797		8
6798		8
6799		0
6800		13.4
6801		8
6802		20
6803		0
6804		8
6805		13.75
6806		9.5
6807		0
6808		7.33333
6809		19.8
6810		8
6811		0
6812		8.66667
6813		9.5
6814		0
6815		0
6816		18
6817		8
6818		8
6819		0
6820		11.5
6821		8
6822		20.6667
6823		0
6824		9
6825		16.3333
6826		17.5
6827		7
6828		6
6829		28
6830		8.33333
6831		0
6832		15.6667
6833		10
6834		0
6835		0
6836		18
6837		8
6838		16.3333
6839		0
6840		11
6841		8
6842		18
6843		0
6844		13.4
6845		13.6667
6846		0
6847		13
6848		17
6849		21.6667
6850		8
6851		0
6852		9.33333
6853		17.3333
6854		0
6855		0
6856		18.5
6857		8
6858		8.66667
6859		0
6860		37
6861		8
6862		21.6667
6863		0
6864		9.5
6865		8.5
6866		24
6867		9
6868		7
6869		26.25
6870		8
6871		0
6872		20
6873		26.6667
6874		0
6875		0
6876		21.1667
6877		8.33333
6878		8
6879		0
6880		9
6881		0
6882		40.5
6883		0
6884		8.8
6885		12.2
6886		6
6887		20
6888		25.5
6889		23.5
6890		8
6891		0
6892		15.25
6893		8
6894		0
6895		0
6896		15.1667
6897		10.5
6898		8
6899		0
6900		8
6901		41
6902		56
6903		56
6904		8
6905		10.6
6906		0
6907		0
6908		19.3333
6909		40
6910		8
6911		0
6912		22
6913		8
6914		0
6915		0
6916		15.75
6917		12
6918		8
6919		0
6920		8.33333
6921		24
6922		40
6923		0
6924		8
6925		9
6926		0
6927		0
6928		24.5
6929		18.6667
6930		8
6931		0
6932		23.5
6933		8
6934		0
6935		0
6936		14.2
6937		17
6938		8
6939		0
6940		8
6941		0
6942		40
6943		0
6944		15.5
6945		9
6946		0
6947		0
6948		0
6949		40
6950		18.3333
6951		0
6952		8.66667
6953		8
6954		0
6955		0
6956		23.5
6957		38
6958		8.4
6959		0
6960		8
6961		10
6962		40
6963		0
6964		16
6965		8
6966		8
6967		0
6968		19
6969		18.6667
6970		8
6971		0
6972		8.75
6973		8
6974		7
6975		0
6976		15.75
6977		25
6978		8
6979		0
6980		7
6981		8
6982		24.5
6983		0
6984		19.6667
6985		8.4
6986		0
6987		6
6988		23.5
6989		40
6990		7.75
6991		0
6992		9.5
6993		12
6994		12.3333
6995		0
6996		17
6997		27.3333
6998		8
6999		0
7000		10
7001		8.5
7002		40
7003		16
7004		16.5
7005		8.5
7006		16
7007		0
7008		9.5
7009		24
7010		8.5
7011		0
7012		8
7013		14.8333
7014		11
7015		7
7016		23.5
7017		0
7018		8
7019		0
7020		13.8333
7021		10
7022		40
7023		8
7024		25
7025		9
7026		9
7027		0
7028		14.1667
7029		16.25
7030		8
7031		0
7032		8
7033		9.33333
7034		8.25
7035		0
7036		18.3333
7037		16.5
7038		8
7039		0
7040		9
7041		10
7042		18.6667
7043		0
7044		18.6667
7045		8.5
7046		10
7047		0
7048		17
7049		17.25
7050		8
7051		0
7052		18
7053		10
7054		14
7055		7
7056		18.3333
7057		20.5
7058		8
7059		0
7060		7.5
7061		12
7062		24
7063		8
7064		14.25
7065		8.5
7066		0
7067		0
7068		8
7069		24.5
7070		8
7071		0
7072		8
7073		18.6667
7074		0
7075		0
7076		19
7077		8
7078		8
7079		0
7080		16.5
7081		8
7082		40
7083		0
7084		17.3333
7085		11
7086		9
7087		0
7088		7.5
7089		22.75
7090		8
7091		0
7092		9
7093		15.5
7094		8
7095		0
7096		18.3333
7097		8
7098		9.33333
7099		0
7100		14.25
7101		8
7102		40
7103		0
7104		8.66667
7105		9.75
7106		21
7107		7
7108		8
7109		24
7110		8
7111		0
7112		18.5
7113		8.5
7114		8
7115		0
7116		16
7117		0
7118		10
7119		0
7120		8
7121		15.25
7122		40
7123		0
7124		7.4
7125		13
7126		8
7127		0
7128		22.5
7129		16
7130		8
7131		0
7132		11.3333
7133		8.5
7134		8
7135		0
7136		15.75
7137		24.5
7138		10.6667
7139		0
7140		9
7141		8
7142		40
7143		0
7144		14.2
7145		12
7146		7
7147		0
7148		40
7149		18.6667
7150		8
7151		0
7152		9.66667
7153		14.2
7154		8
7155		0
7156		18.3333
7157		37
7158		14
7159		0
7160		8.25
7161		8.2
7162		40
7163		0
7164		18.6667
7165		9
7166		7.25
7167		0
7168		7
7169		16
7170		20.5
7171		0
7172		10.4
7173		8.2
7174		0
7175		0
7176		22.25
7177		0
7178		8
7179		6
7180		9
7181		8
7182		19.3333
7183		0
7184		10
7185		23.3333
7186		15.3333
7187		0
7188		6
7189		23.5
7190		8
7191		0
7192		19
7193		8
7194		0
7195		0
7196		22.75
7197		8
7198		10
7199		0
7200		16.6667
7201		0
7202		40
7203		0
7204		9.5
7205		16.6667
7206		0
7207		28
7208		21
7209		33
7210		8
7211		0
7212		8
7213		8
7214		0
7215		0
7216		17
7217		0
7218		8
7219		0
7220		30
7221		7.5
7222		40
7223		0
7224		8.8
7225		15.3333
7226		0
7227		0
7228		0
7229		19.6
7230		7
7231		0
7232		15.5
7233		8
7234		9
7235		0
7236		22
7237		28
7238		8
7239		0
7240		8
7241		0
7242		20
7243		0
7244		8
7245		8.5
7246		0
7247		0
7248		6
7249		27.3333
7250		8
7251		0
7252		8
7253		10
7254		0
7255		0
7256		20.6
7257		8
7258		8
7259		0
7260		18.6667
7261		8
7262		24.5
7263		0
7264		8.33333
7265		9
7266		10
7267		0
7268		8
7269		28
7270		8
7271		0
7272		7.75
7273		10
7274		0
7275		0
7276		28.3333
7277		8
7278		8
7279		6
7280		8
7281		10
7282		39
7283		0
7284		9
7285		12
7286		20
7287		0
7288		17.8
7289		23
7290		8
7291		0
7292		22
7293		8
7294		6
7295		11
7296		18.6667
7297		17
7298		8
7299		0
7300		8
7301		10
7302		24
7303		8
7304		21.5
7305		8.25
7306		0
7307		0
7308		13
7309		40
7310		8
7311		0
7312		8
7313		8
7314		7
7315		0
7316		14.2
7317		22.5
7318		9
7319		0
7320		8
7321		8
7322		24
7323		0
7324		12.6667
7325		9
7326		8
7327		6
7328		35
7329		18.3333
7330		8
7331		0
7332		8.42857
7333		8
7334		0
7335		0
7336		19
7337		23
7338		7.66667
7339		0
7340		8
7341		9.33333
7342		40
7343		0
7344		13.6667
7345		0
7346		8
7347		0
7348		12
7349		15.75
7350		24
7351		0
7352		8
7353		0
7354		12
7355		7
7356		23
7357		14.2
7358		9
7359		0
7360		7.33333
7361		11
7362		23.5
7363		0
7364		16
7365		0
7366		8.5
7367		0
7368		17.5
7369		16
7370		8
7371		0
7372		7.33333
7373		22.5
7374		10
7375		0
7376		15.75
7377		16.3333
7378		9
7379		0
7380		8.5
7381		10
7382		24
7383		0
7384		16.6667
7385		9.33333
7386		8
7387		0
7388		14.8
7389		14.4
7390		8
7391		0
7392		15.3333
7393		7.5
7394		10
7395		0
7396		14.2
7397		13.25
7398		9
7399		0
7400		7.33333
7401		17.3333
7402		18.6667
7403		0
7404		7.75
7405		8
7406		8
7407		0
7408		16.5
7409		13.3333
7410		8
7411		0
7412		8
7413		10
7414		18
7415		0
7416		16.6
7417		12.8
7418		12.5
7419		0
7420		9.5
7421		0
7422		18
7423		0
7424		13.75
7425		9.33333
7426		8.66667
7427		0
7428		30
7429		18
7430		8
7431		0
7432		9.33333
7433		11
7434		8
7435		0
7436		18.6667
7437		16.3333
7438		9
7439		0
7440		9.66667
7441		7
7442		40
7443		0
7444		17.5
7445		9.33333
7446		12.6667
7447		7
7448		0
7449		16
7450		0
7451		0
7452		8
7453		17
7454		0
7455		8
7456		21
7457		8
7458		9
7459		0
7460		18
7461		8
7462		23
7463		0
7464		17.3333
7465		11
7466		8
7467		0
7468		7.66667
7469		22.3333
7470		0
7471		0
7472		8.4
7473		25
7474		12
7475		0
7476		24
7477		8
7478		10
7479		0
7480		17
7481		8.33333
7482		40
7483		0
7484		19.3333
7485		10
7486		9.33333
7487		0
7488		8
7489		18.1667
7490		0
7491		0
7492		12
7493		10.5
7494		7
7495		0
7496		28.3333
7497		8
7498		10.5
7499		7
7500		16
7501		10
7502		24
7503		0
7504		15.25
7505		13.25
7506		14
7507		0
7508		8.4
7509		21.5
7510		0
7511		0
7512		9
7513		11.5
7514		7
7515		11
7516		22.25
7517		9.33333
7518		9
7519		0
7520		17.6667
7521		8
7522		24
7523		0
7524		11.3333
7525		10
7526		10.6667
7527		0
7528		8
7529		18.2
7530		0
7531		6
7532		9
7533		17
7534		7
7535		0
7536		22
7537		8
7538		10
7539		0
7540		13.4
7541		8.33333
7542		24
7543		0
7544		10
7545		10
7546		13
7547		0
7548		8
7549		18.6
7550		0
7551		0
7552		9.25
7553		19
7554		7.66667
7555		0
7556		19.6
7557		8
7558		11
7559		28
7560		11.3333
7561		14
7562		24
7563		7
7564		10
7565		16
7566		13.3333
7567		0
7568		8
7569		16.5
7570		0
7571		6
7572		17.3333
7573		12.3333
7574		7.5
7575		0
7576		26
7577		9
7578		22
7579		6
7580		14.5
7581		7
7582		24
7583		0
7584		16.6667
7585		9.66667
7586		15
7587		16
7588		16.3333
7589		18.3333
7590		0
7591		0
7592		7.75
7593		17.5
7594		6
7595		0
7596		18.6667
7597		8
7598		9
7599		0
7600		14.6667
7601		8
7602		19
7603		0
7604		15.6667
7605		9
7606		16
7607		0
7608		11.5
7609		16.5
7610		0
7611		0
7612		8.75
7613		19
7614		6
7615		0
7616		17.25
7617		8
7618		9
7619		0
7620		14.3333
7621		8
7622		15.2
7623		0
7624		14.3333
7625		8
7626		15.5
7627		0
7628		7.33333
7629		14.4444
7630		8
7631		0
7632		8
7633		15.5
7634		6
7635		6
7636		22
7637		7.66667
7638		9
7639		0
7640		14.6667
7641		0
7642		17.75
7643		0
7644		8
7645		13.75
7646		16.5
7647		12
7648		9.5
7649		17.25
7650		0
7651		0
7652		15.6667
7653		12.25
7654		6
7655		0
7656		26.3333
7657		8
7658		9
7659		0
7660		11.5
7661		0
7662		16.75
7663		7
7664		8
7665		26
7666		8
7667		0
7668		7.6
7669		14.6
7670		12
7671		8
7672		20.5
7673		8
7674		6
7675		0
7676		16.5714
7677		8
7678		9
7679		0
7680		8
7681		7.5
7682		13.5
7683		0
7684		7.66667
7685		21
7686		8
7687		0
7688		8
7689		15
7690		0
7691		6
7692		14.75
7693		0
7694		6
7695		0
7696		29
7697		8
7698		9
7699		0
7700		9.4
7701		0
7702		20.5
7703		7
7704		8
7705		36
7706		8
7707		0
7708		7.5
7709		18.75
7710		0
7711		0
7712		15
7713		0
7714		0
7715		0
7716		20.6667
7717		8
7718		18.3333
7719		0
7720		9
7721		24
7722		20
7723		20
7724		13.3333
7725		15.25
7726		8
7727		0
7728		7
7729		17.75
7730		10
7731		0
7732		16
7733		8
7734		9
7735		0
7736		23.4
7737		8
7738		8.5
7739		0
7740		8
7741		0
7742		17.5
7743		0
7744		8
7745		24
7746		8
7747		0
7748		6
7749		18.25
7750		8
7751		0
7752		15.2
7753		8
7754		0
7755		6
7756		26
7757		8
7758		7.66667
7759		0
7760		12
7761		10
7762		29
7763		7
7764		7.5
7765		25.3333
7766		8
7767		0
7768		9.5
7769		18.5
7770		13.5
7771		16
7772		17.5
7773		8
7774		9.5
7775		0
7776		27
7777		8
7778		8.5
7779		0
7780		17
7781		9.8
7782		18.5
7783		0
7784		8
7785		8
7786		8
7787		6
7788		9.25
7789		17.375
7790		8
7791		0
7792		8
7793		8
7794		15
7795		8
7796		23.6
7797		8.2
7798		8.5
7799		0
7800		6
7801		16
7802		26.25
7803		0
7804		8
7805		8
7806		8
7807		0
7808		8
7809		25.25
7810		8.5
7811		9
7812		8
7813		9.5
7814		8
7815		0
7816		25.75
7817		7.66667
7818		8.33333
7819		0
7820		14
7821		9
7822		19.3333
7823		0
7824		8
7825		8
7826		8
7827		0
7828		8.5
7829		19.3333
7830		8.5
7831		0
7832		8
7833		0
7834		10
7835		0
7836		19.1667
7837		8.25
7838		8.33333
7839		0
7840		22
7841		11
7842		20
7843		7
7844		9
7845		8.5
7846		8
7847		0
7848		10
7849		19.6667
7850		9
7851		8
7852		10
7853		10.3333
7854		12
7855		6.5
7856		20
7857		8
7858		9
7859		0
7860		6
7861		10.5
7862		16.2
7863		8
7864		8
7865		45
7866		8
7867		0
7868		14
7869		14.3333
7870		8
7871		0
7872		15.6
7873		8
7874		10
7875		0
7876		22.8
7877		8
7878		9
7879		0
7880		9.5
7881		11.5
7882		17.5
7883		0
7884		8
7885		45
7886		8
7887		6
7888		12
7889		13.7143
7890		8
7891		0
7892		18.25
7893		16
7894		18
7895		0
7896		18.3333
7897		8
7898		9
7899		0
7900		19
7901		10.6667
7902		15
7903		16
7904		8
7905		0
7906		8
7907		0
7908		9.75
7909		20.4
7910		9
7911		9
7912		10
7913		0
7914		0
7915		7
7916		20.7143
7917		15
7918		9
7919		0
7920		11
7921		0
7922		21
7923		7.5
7924		8
7925		8
7926		16
7927		16
7928		7.5
7929		19.5
7930		0
7931		0
7932		8
7933		8
7934		11
7935		0
7936		16.25
7937		8
7938		9
7939		0
7940		38
7941		8
7942		16.5
7943		7
7944		8
7945		8
7946		8
7947		0
7948		8
7949		19
7950		0
7951		8
7952		8
7953		8
7954		0
7955		0
7956		17.1429
7957		8
7958		9
7959		0
7960		7
7961		8
7962		19.8
7963		0
7964		8
7965		10.5
7966		8
7967		0
7968		24.5
7969		12.4286
7970		8
7971		0
7972		18
7973		8
7974		0
7975		0
7976		14.2
7977		8
7978		8.5
7979		0
7980		10
7981		24.5
7982		15.25
7983		0
7984		8
7985		0
7986		8
7987		0
7988		18.5
7989		16
7990		0
7991		9
7992		22
7993		0
7994		0
7995		0
7996		14
7997		8
7998		12.5
7999		23
8000		8.5
8001		20
8002		40
8003		0
8004		8
8005		23.5
8006		8
8007		8
8008		8
8009		20.3333
8010		24
8011		0
8012		18.3333
8013		8
8014		0
8015		0
8016		15
8017		0
8018		9
8019		17
8020		8
8021		20.3333
8022		6
8023		41
8024		8
8025		9
8026		8
8027		8
8028		20.6667
8029		14
8030		8
8031		0
8032		9
8033		8
8034		20.3333
8035		0
8036		18.75
8037		8
8038		8.5
8039		0
8040		6.66667
8041		19.25
8042		24
8043		0
8044		8
8045		9
8046		8
8047		6
8048		18.5
8049		15.75
8050		0
8051		0
8052		10
8053		8
8054		42
8055		0
8056		13.3333
8057		8.33333
8058		9
8059		12
8060		11
8061		40
8062		22.5
8063		0
8064		8
8065		9.66667
8066		8
8067		0
8068		15.25
8069		19.6667
8070		0
8071		0
8072		10.5
8073		8
8074		9
8075		41
8076		14.4
8077		16
8078		11
8079		0
8080		8
8081		24
8082		40
8083		8
8084		8
8085		14
8086		9.33333
8087		0
8088		24
8089		15.75
8090		0
8091		0
8092		11.5
8093		8.5
8094		24
8095		7
8096		24
8097		8
8098		12
8099		0
8100		17.6667
8101		8
8102		24
8103		0
8104		18.3333
8105		0
8106		8
8107		0
8108		13.8
8109		18.3333
8110		0
8111		0
8112		8
8113		20.5
8114		8
8115		0
8116		14.4
8117		10.5
8118		9
8119		0
8120		15.6667
8121		8
8122		24
8123		0
8124		10
8125		8
8126		20.5
8127		0
8128		9
8129		19.3333
8130		10
8131		0
8132		8
8133		21
8134		8
8135		0
8136		15.6667
8137		10.3333
8138		9
8139		0
8140		21
8141		8
8142		19.3333
8143		6
8144		10.6667
8145		8
8146		21.5
8147		0
8148		8.66667
8149		20
8150		14.6667
8151		0
8152		7.5
8153		22
8154		8
8155		0
8156		17
8157		10
8158		8.5
8159		16
8160		22
8161		9.5
8162		24
8163		0
8164		11.3333
8165		8
8166		18
8167		0
8168		9.5
8169		16
8170		13
8171		7
8172		8
8173		27
8174		8.33333
8175		7
8176		18.5
8177		10.75
8178		9
8179		0
8180		23
8181		7
8182		18.6667
8183		0
8184		16
8185		8
8186		8
8187		0
8188		9.5
8189		18.3333
8190		16
8191		20
8192		8
8193		19
8194		0
8195		0
8196		20
8197		9.25
8198		9
8199		0
8200		18
8201		0
8202		20
8203		0
8204		17.8
8205		8
8206		8
8207		0
8208		14
8209		23.6667
8210		9.5
8211		9
8212		14.6667
8213		17.3333
8214		0
8215		0
8216		14
8217		9.66667
8218		8.5
8219		0
8220		16.6667
8221		8
8222		40
8223		0
8224		9.75
8225		14.5
8226		7.33333
8227		0
8228		10
8229		35.5
8230		14
8231		14.5
8232		8
8233		7.75
8234		0
8235		0
8236		19.7143
8237		40.5
8238		28.3333
8239		36
8240		25.5
8241		8
8242		23
8243		0
8244		8.4
8245		16.6667
8246		7.33333
8247		0
8248		12
8249		23.6667
8250		9
8251		0
8252		12.2
8253		8
8254		0
8255		0
8256		26
8257		9.5
8258		7.5
8259		9
8260		12
8261		8
8262		40
8263		0
8264		9
8265		15.75
8266		8
8267		0
8268		8.5
8269		17.4
8270		20
8271		0
8272		12
8273		8
8274		16
8275		0
8276		26.3333
8277		8
8278		9
8279		7
8280		8
8281		8
8282		40
8283		0
8284		7.33333
8285		23.5
8286		8
8287		8
8288		8
8289		23.5
8290		0
8291		0
8292		16
8293		8
8294		0
8295		0
8296		20.3333
8297		8
8298		7.5
8299		36
8300		8
8301		8
8302		40
8303		0
8304		16.75
8305		12
8306		8
8307		8
8308		20.5
8309		23.5
8310		0
8311		0
8312		9.25
8313		20
8314		0
8315		0
8316		40
8317		8
8318		9.33333
8319		0
8320		17.6667
8321		8
8322		40
8323		0
8324		15
8325		14
8326		8
8327		0
8328		9.6
8329		23.5
8330		0
8331		7
8332		10.3333
8333		21
8334		0
8335		0
8336		18.6667
8337		11.25
8338		10.5
8339		8
8340		13.8
8341		0
8342		40
8343		0
8344		13.4
8345		10.3333
8346		8
8347		0
8348		9.33333
8349		15.75
8350		8.33333
8351		0
8352		12.5
8353		15.25
8354		0
8355		0
8356		18
8357		9.5
8358		8.25
8359		0
8360		17
8361		0
8362		24
8363		6
8364		9.25
8365		8.66667
8366		17
8367		0
8368		10
8369		17.2
8370		13.6667
8371		0
8372		21.25
8373		7.25
8374		0
8375		0
8376		26
8377		9.2
8378		8.75
8379		0
8380		7.5
8381		40
8382		19
8383		0
8384		7
8385		7.5
8386		8.5
8387		6
8388		17.25
8389		18
8390		7
8391		28
8392		9
8393		8
8394		0
8395		0
8396		22.25
8397		20
8398		8.75
8399		0
8400		7.5
8401		8
8402		40
8403		0
8404		16.75
8405		7.66667
8406		8
8407		0
8408		8
8409		23.5
8410		0
8411		0
8412		8
8413		21.3333
8414		6
8415		0
8416		23.5
8417		8.5
8418		9
8419		0
8420		28
8421		8
8422		24
8423		0
8424		17
8425		10
8426		8
8427		0
8428		8
8429		20.8
8430		0
8431		0
8432		8.75
8433		8
8434		6
8435		0
8436		31
8437		8
8438		8.66667
8439		0
8440		22
8441		0
8442		24
8443		0
8444		8.66667
8445		21.5
8446		8
8447		0
8448		8
8449		23.5
8450		0
8451		6
8452		14.5
8453		9
8454		0
8455		0
8456		17
8457		16
8458		21
8459		6
8460		9
8461		8
8462		40
8463		0
8464		16.6667
8465		8
8466		8.25
8467		0
8468		20
8469		18.3333
8470		0
8471		0
8472		12.8
8473		9
8474		8
8475		0
8476		17.25
8477		18.5
8478		9
8479		28
8480		14
8481		19
8482		40
8483		0
8484		7.75
8485		12
8486		8
8487		6
8488		13.25
8489		15.75
8490		0
8491		32
8492		10.25
8493		13.3333
8494		18
8495		7
8496		18.6667
8497		10.5
8498		9.33333
8499		0
8500		17
8501		7.66667
8502		40
8503		16
8504		11.1429
8505		0
8506		8
8507		0
8508		8.75
8509		23.5
8510		14
8511		0
8512		8
8513		14
8514		0
8515		0
8516		20
8517		10.3333
8518		8.5
8519		0
8520		14.6667
8521		8
8522		40
8523		0
8524		14.75
8525		8
8526		8
8527		0
8528		9
8529		18.3333
8530		0
8531		0
8532		8.33333
8533		16.3333
8534		8
8535		0
8536		24
8537		8.25
8538		9
8539		0
8540		13.75
8541		9.33333
8542		40
8543		0
8544		13.75
8545		8
8546		8
8547		0
8548		9.66667
8549		15.75
8550		10
8551		0
8552		9.33333
8553		14.75
8554		9.5
8555		0
8556		22.6667
8557		9.5
8558		8.5
8559		0
8560		13.75
8561		9.5
8562		24
8563		0
8564		14.75
8565		0
8566		8
8567		6
8568		8
8569		18.3333
8570		0
8571		7
8572		8
8573		17.6667
8574		8
8575		8
8576		40
8577		8
8578		9
8579		0
8580		13.5
8581		8
8582		40
8583		0
8584		21
8585		0
8586		8
8587		0
8588		8
8589		17
8590		0
8591		0
8592		8
8593		37
8594		0
8595		0
8596		15.75
8597		8
8598		9
8599		0
8600		22.5
8601		8
8602		40
8603		0
8604		8
8605		8.75
8606		23
8607		0
8608		10
8609		16
8610		0
8611		0
8612		14.75
8613		0
8614		0
8615		0
8616		23.5
8617		9
8618		9
8619		0
8620		7.5
8621		24.5
8622		40
8623		0
8624		10
8625		11.75
8626		8
8627		0
8628		19
8629		16
8630		0
8631		0
8632		7.5
8633		0
8634		9
8635		42
8636		18.6667
8637		8
8638		9
8639		0
8640		12
8641		24
8642		40
8643		8
8644		8
8645		8
8646		8
8647		0
8648		18.25
8649		23.5
8650		0
8651		0
8652		18.6667
8653		8
8654		0
8655		0
8656		28.3333
8657		10.2
8658		9
8659		0
8660		0
8661		22
8662		40
8663		0
8664		8.75
8665		7.5
8666		8.5
8667		0
8668		16.3333
8669		23.5
8670		11
8671		7
8672		8
8673		7.66667
8674		33
8675		0
8676		14.2
8677		9.66667
8678		8
8679		0
8680		34
8681		8
8682		24
8683		0
8684		9
8685		13.8
8686		8
8687		0
8688		8
8689		35.5
8690		9
8691		9
8692		8
8693		8
8694		0
8695		0
8696		19.4
8697		11
8698		7.8
8699		8
8700		30
8701		8
8702		40
8703		0
8704		10.5
8705		11.8333
8706		8
8707		0
8708		8
8709		23.5
8710		0
8711		6
8712		12
8713		11.6667
8714		16
8715		0
8716		22
8717		16
8718		14.5
8719		0
8720		8
8721		9
8722		40
8723		0
8724		9
8725		19
8726		8
8727		16
8728		9.66667
8729		15.75
8730		0
8731		0
8732		14
8733		8
8734		9.5
8735		0
8736		22.5
8737		8
8738		7.66667
8739		0
8740		7.25
8741		21.5
8742		24
8743		0
8744		10.5
8745		17.5
8746		8
8747		0
8748		10.3333
8749		14.2
8750		8
8751		0
8752		14.3333
8753		9
8754		6
8755		0
8756		21.5
8757		10.5
8758		14.5
8759		0
8760		8
8761		8
8762		24
8763		0
8764		8
8765		15
8766		8
8767		0
8768		14
8769		23.5
8770		8
8771		0
8772		12.2
8773		8.5
8774		0
8775		0
8776		40
8777		12
8778		9
8779		0
8780		8
8781		14.25
8782		40
8783		0
8784		8
8785		0
8786		8
8787		0
8788		21
8789		13.1667
8790		0
8791		0
8792		16
8793		0
8794		0
8795		0
8796		18.6667
8797		12.6
8798		9
8799		0
8800		8
8801		11
8802		23
8803		0
8804		16
8805		8
8806		8
8807		0
8808		16.6667
8809		15.75
8810		8
8811		0
8812		12.75
8813		8
8814		9
8815		0
8816		19.3333
8817		12
8818		8.5
8819		0
8820		7.33333
8821		9
8822		24
8823		0
8824		12.75
8825		9.33333
8826		8
8827		0
8828		13
8829		15.75
8830		7
8831		0
8832		8
8833		12.25
8834		0
8835		7
8836		14
8837		8
8838		9
8839		0
8840		17.6667
8841		8
8842		23.5
8843		0
8844		8
8845		8
8846		8
8847		0
8848		8
8849		20
8850		8
8851		0
8852		8.33333
8853		11
8854		9
8855		0
8856		17.5
8857		18
8858		9
8859		0
8860		16
8861		8.5
8862		24
8863		0
8864		7.33333
8865		14.3333
8866		8.66667
8867		0
8868		8
8869		18.3333
8870		0
8871		0
8872		12.5
8873		9.66667
8874		8
8875		0
8876		26
8877		10
8878		18.5
8879		0
8880		12.2
8881		8
8882		24
8883		0
8884		8
8885		18.5
8886		9
8887		0
8888		8
8889		16
8890		0
8891		0
8892		12.2
8893		11.5
8894		8
8895		0
8896		25.3333
8897		8
8898		9
8899		0
8900		9.6
8901		16
8902		18.6667
8903		0
8904		8
8905		16.5
8906		12
8907		0
8908		9
8909		14.2
8910		8
8911		0
8912		12.25
8913		17
8914		8.5
8915		0
8916		24
8917		8
8918		9
8919		0
8920		10
8921		9.6
8922		18.6667
8923		0
8924		8
8925		17.5
8926		13
8927		0
8928		10.6667
8929		12.2857
8930		0
8931		0
8932		14
8933		13.5
8934		7.5
8935		0
8936		30
8937		8
8938		18.5
8939		6
8940		10
8941		9.33333
8942		24
8943		0
8944		7
8945		14.75
8946		13.3333
8947		6
8948		7.66667
8949		23.5
8950		9
8951		0
8952		14.5
8953		16.25
8954		7
8955		8
8956		25.3333
8957		8
8958		9
8959		0
8960		15.5
8961		8.33333
8962		20
8963		0
8964		11.75
8965		25
8966		15
8967		6
8968		8
8969		17.2
8970		0
8971		0
8972		8
8973		10
8974		7
8975		8
8976		17.4
8977		8
8978		9
8979		0
8980		8.33333
8981		8
8982		24
8983		0
8984		8
8985		17.5
8986		8.33333
8987		0
8988		8
8989		15.75
8990		0
8991		0
8992		12.5
8993		9.33333
8994		8
8995		0
8996		33
8997		8
8998		9
8999		0
9000		9.2
9001		12.25
9002		40
9003		0
9004		8
9005		23
9006		7
9007		0
9008		8
9009		13.8333
9010		0
9011		0
9012		13
9013		8
9014		8
9015		0
9016		16.3333
9017		8
9018		9
9019		0
9020		7.66667
9021		14.5
9022		19.6667
9023		0
9024		7.8
9025		13.5
9026		8
9027		0
9028		7
9029		17.25
9030		8
9031		0
9032		12
9033		9
9034		0
9035		0
9036		17.8333
9037		9
9038		9
9039		0
9040		10.3333
9041		8
9042		19.6667
9043		6
9044		8
9045		14
9046		8
9047		0
9048		7.33333
9049		17.4
9050		0
9051		0
9052		9.33333
9053		20
9054		24
9055		12
9056		19.4
9057		8
9058		7.5
9059		0
9060		21
9061		0
9062		17.5
9063		0
9064		7.6
9065		12.5
9066		8
9067		0
9068		8
9069		17.8
9070		10
9071		9
9072		10
9073		9
9074		0
9075		0
9076		16.75
9077		8
9078		11.3333
9079		0
9080		8.4
9081		8
9082		26
9083		0
9084		10
9085		8.5
9086		8.25
9087		0
9088		10.6667
9089		17
9090		8
9091		0
9092		8.33333
9093		8
9094		0
9095		0
9096		15.4
9097		12
9098		8.5
9099		0
9100		8
9101		8
9102		40
9103		0
9104		11
9105		8.66667
9106		12
9107		0
9108		18
9109		18.6667
9110		0
9111		0
9112		8
9113		8
9114		0
9115		0
9116		18.25
9117		12.6667
9118		9
9119		0
9120		7.66667
9121		8
9122		25
9123		0
9124		12.3333
9125		8.5
9126		8
9127		0
9128		10
9129		15.2
9130		12
9131		0
9132		8
9133		0
9134		9
9135		0
9136		16.6
9137		7.75
9138		9
9139		7
9140		7
9141		0
9142		40
9143		0
9144		8
9145		12.25
9146		8
9147		0
9148		10
9149		20.25
9150		20
9151		0
9152		14.8333
9153		8
9154		0
9155		0
9156		24
9157		8
9158		9
9159		0
9160		11.5
9161		9.5
9162		40
9163		0
9164		8
9165		14.5
9166		8
9167		0
9168		9.33333
9169		15
9170		0
9171		0
9172		8.75
9173		8
9174		9
9175		0
9176		19.8
9177		8
9178		9
9179		0
9180		10
9181		13
9182		40
9183		0
9184		8
9185		9
9186		8
9187		6
9188		8
9189		22.6667
9190		0
9191		0
9192		9.4
9193		16
9194		20
9195		0
9196		19.25
9197		8
9198		9
9199		0
9200		15
9201		9.5
9202		40
9203		0
9204		11.5
9205		8
9206		8
9207		0
9208		10
9209		14.8333
9210		0
9211		0
9212		9
9213		12
9214		9
9215		28
9216		24
9217		8
9218		8.5
9219		0
9220		9
9221		12
9222		40
9223		0
9224		9.66667
9225		0
9226		8
9227		6
9228		12.25
9229		14.4
9230		0
9231		0
9232		9.33333
9233		20.5
9234		13.3333
9235		0
9236		26.6667
9237		8
9238		8.5
9239		0
9240		12.6667
9241		10
9242		24
9243		0
9244		12
9245		8
9246		8
9247		0
9248		9.75
9249		18.3333
9250		8.5
9251		0
9252		8.75
9253		19
9254		16
9255		28
9256		16
9257		8
9258		7.5
9259		19
9260		22
9261		38.4
9262		40
9263		0
9264		18.5
9265		8
9266		8
9267		9
9268		13
9269		18.75
9270		0
9271		0
9272		9.33333
9273		20
9274		14.75
9275		7
9276		21
9277		11.6667
9278		9
9279		0
9280		7
9281		8.66667
9282		20.3333
9283		21
9284		10.75
9285		0
9286		8
9287		0
9288		12.75
9289		16.8
9290		8
9291		0
9292		10.6667
9293		9
9294		13
9295		17.5
9296		23
9297		8
9298		86.5
9299		160
9300		12.8333
9301		16.5
9302		23
9303		7
9304		8
9305		8
9306		23.5
9307		0
9308		12.6
9309		14.5
9310		18
9311		25
9312		16.3333
9313		8
9314		15
9315		7
9316		15.75
9317		10.2857
9318		8
9319		0
9320		18
9321		15.5
9322		18
9323		0
9324		8.75
9325		8
9326		8
9327		6
9328		16.5
9329		18.6
9330		8
9331		28
9332		17.3333
9333		8
9334		9
9335		17
9336		15.1667
9337		8
9338		18
9339		10
9340		16
9341		10
9342		18
9343		8
9344		11.8333
9345		28
9346		18
9347		0
9348		9
9349		16.2
9350		8
9351		0
9352		9
9353		30
9354		0
9355		0
9356		18.75
9357		9.25
9358		9
9359		0
9360		10
9361		13
9362		24.5
9363		0
9364		7.75
9365		15.5
9366		8
9367		28
9368		23
9369		15.2
9370		8
9371		0
9372		14
9373		32.5
9374		6
9375		0
9376		23
9377		9.33333
9378		9
9379		0
9380		9.5
9381		11
9382		24
9383		0
9384		9
9385		0
9386		8.33333
9387		0
9388		15
9389		14.2
9390		8
9391		0
9392		10.5
9393		12
9394		55
9395		80
9396		15.75
9397		8
9398		9
9399		6
9400		12
9401		0
9402		40
9403		0
9404		9.33333
9405		13.6667
9406		13.6667
9407		0
9408		8
9409		17.6
9410		0
9411		0
9412		9.33333
9413		10.5
9414		9
9415		0
9416		15.8333
9417		8
9418		9
9419		0
9420		19.5
9421		0
9422		24.5
9423		0
9424		9
9425		8.66667
9426		11.5
9427		28
9428		20
9429		24.6667
9430		0
9431		0
9432		10
9433		9.75
9434		0
9435		0
9436		25.3333
9437		13.3333
9438		12.5
9439		13
9440		21.5
9441		26.6667
9442		40
9443		0
9444		8.75
9445		12
9446		10.3333
9447		8
9448		8
9449		21
9450		0
9451		0
9452		7.33333
9453		13
9454		0
9455		0
9456		26
9457		8.25
9458		10.5
9459		6
9460		23.5
9461		12
9462		44
9463		0
9464		8
9465		8
9466		10.3333
9467		8
9468		8
9469		18.8
9470		0
9471		0
9472		12
9473		12.5
9474		0
9475		0
9476		26.3333
9477		8
9478		10.5
9479		0
9480		15.5
9481		0
9482		40
9483		0
9484		8
9485		17
9486		11
9487		0
9488		0
9489		23.6667
9490		0
9491		0
9492		16
9493		14
9494		0
9495		9
9496		27.6667
9497		8
9498		9
9499		0
9500		11
9501		20.5
9502		28
9503		8
9504		8
9505		12
9506		11.6667
9507		0
9508		34
9509		14.4
9510		0
9511		0
9512		14.4
9513		12.6667
9514		8
9515		0
9516		18.3333
9517		19.5
9518		7.5
9519		0
9520		13.2
9521		8
9522		40
9523		0
9524		16
9525		8.33333
9526		13
9527		7
9528		19
9529		18.3333
9530		0
9531		6
9532		8.5
9533		25.6667
9534		14
9535		0
9536		19.3333
9537		17.5
9538		8
9539		0
9540		16.5
9541		8.5
9542		40
9543		0
9544		14.3333
9545		10
9546		11.75
9547		0
9548		15
9549		18.3333
9550		0
9551		0
9552		8.57143
9553		26
9554		8
9555		0
9556		24
9557		18.5
9558		10
9559		0
9560		18.75
9561		9
9562		40
9563		0
9564		14.25
9565		0
9566		8
9567		23
9568		29.5
9569		23.5
9570		30
9571		0
9572		9
9573		24
9574		0
9575		15
9576		26.6667
9577		8
9578		16.5
9579		0
9580		20
9581		15
9582		29.3333
9583		0
9584		8
9585		27
9586		8
9587		20
9588		9.2
9589		15.75
9590		0
9591		0
9592		14.6667
9593		8
9594		9
9595		0
9596		28.5
9597		8.33333
9598		18.5
9599		0
9600		10
9601		9
9602		24
9603		28
9604		20
9605		29
9606		7.33333
9607		0
9608		8.33333
9609		23.5
9610		0
9611		0
9612		13.25
9613		0
9614		11
9615		8
9616		34
9617		8.5
9618		9
9619		0
9620		9.33333
9621		25.5
9622		30
9623		0
9624		8.25
9625		17.5
9626		8
9627		0
9628		7.66667
9629		23.5
9630		0
9631		0
9632		14.375
9633		0
9634		0
9635		0
9636		26
9637		9.33333
9638		10
9639		0
9640		44
9641		12.8
9642		40
9643		28
9644		10.75
9645		0
9646		8
9647		0
9648		18.5
9649		15.75
9650		9
9651		0
9652		8
9653		0
9654		8
9655		0
9656		15.4
9657		18.5
9658		8.5
9659		9
9660		0
9661		0
9662		24
9663		0
9664		15.7143
9665		10
9666		8
9667		0
9668		28
9669		23.5
9670		14
9671		0
9672		9
9673		14
9674		0
9675		0
9676		23.75
9677		11.5
9678		14.3333
9679		20
9680		14.5
9681		8
9682		40
9683		0
9684		18
9685		8
9686		8
9687		0
9688		8
9689		18.4
9690		14.5
9691		7
9692		10
9693		8.5
9694		8
9695		0
9696		18.2
9697		9
9698		9
9699		0
9700		28
9701		7.5
9702		40
9703		0
9704		12.8
9705		9
9706		8
9707		0
9708		10
9709		24.4
9710		11
9711		0
9712		16.4
9713		8
9714		0
9715		0
9716		25
9717		7.66667
9718		9
9719		0
9720		15.3333
9721		8
9722		40
9723		7
9724		10.5
9725		9
9726		22
9727		36
9728		10
9729		36.5
9730		0
9731		8
9732		18
9733		0
9734		12
9735		0
9736		24.25
9737		8
9738		14.5
9739		0
9740		22.6667
9741		9
9742		0
9743		19
9744		9.33333
9745		29.5
9746		8
9747		0
9748		26
9749		17.25
9750		0
9751		8
9752		17.3333
9753		8
9754		0
9755		0
9756		18.3333
9757		8
9758		25
9759		0
9760		8
9761		0
9762		23
9763		31
9764		10.2
9765		0
9766		28
9767		24
9768		16
9769		23.5
9770		8
9771		8
9772		0
9773		11
9774		10
9775		0
9776		17.4
9777		20.5
9778		0
9779		6
9780		9.25
9781		0
9782		20.6667
9783		0
9784		22
9785		28
9786		8.5
9787		0
9788		7
9789		18.6667
9790		21
9791		0
9792		9
9793		8.8
9794		8
9795		0
9796		23.5
9797		17
9798		8
9799		0
9800		9.75
9801		9
9802		18
9803		24
9804		17
9805		6
9806		9.5
9807		0
9808		18.4
9809		89
9810		152
9811		0
9812		28
9813		13.1667
9814		8.33333
9815		0
9816		18.3333
9817		85
9818		212
9819		0
9820		10.25
9821		11.75
9822		23
9823		9
9824		23
9825		12
9826		10.5
9827		0
9828		7
9829		15.3333
9830		8
9831		0
9832		8
9833		20
9834		0
9835		9
9836		19.6667
9837		8
9838		34
9839		0
9840		10
9841		12
9842		34
9843		13.5
9844		21
9845		10
9846		10.3333
9847		0
9848		8
9849		23.5
9850		36
9851		12
9852		20
9853		15.8
9854		0
9855		0
9856		23.5
9857		8
9858		18
9859		6
9860		15
9861		15
9862		23
9863		0
9864		18.6667
9865		0
9866		13.5
9867		8
9868		12.1667
9869		22.5
9870		8
9871		0
9872		10
9873		13.5
9874		0
9875		8
9876		17.8333
9877		9.33333
9878		0
9879		0
9880		12.3333
9881		8
9882		22.75
9883		0
9884		9.25
9885		8
9886		21
9887		0
9888		50.1429
9889		18.3333
9890		8
9891		0
9892		33
9893		11.25
9894		0
9895		7
9896		15.25
9897		20.5
9898		8
9899		0
9900		7
9901		9
9902		18.3333
9903		8
9904		13
9905		0
9906		0
9907		0
9908		9
9909		19.5
9910		14
9911		21
9912		8.33333
9913		9.5
9914		0
9915		0
9916		25
9917		14.75
9918		0
9919		8
9920		7.66667
9921		9.33333
9922		23
9923		392
9924		17
9925		8
9926		0
9927		6
9928		18.3333
9929		15.75
9930		8
9931		0
9932		9.33333
9933		0
9934		9.5
9935		0
9936		15.75
9937		17.6667
9938		0
9939		0
9940		10.5
9941		14
9942		18
9943		0
9944		18
9945		48
9946		128
9947		0
9948		19.6667
9949		15.75
9950		8
9951		24
9952		7.66667
9953		35
9954		10.5
9955		0
9956		15.75
9957		8
9958		0
9959		0
9960		13
9961		11
9962		18
9963		0
9964		8
9965		8
9966		36
9967		0
9968		9.6
9969		14.6
9970		8
9971		0
9972		35
9973		0
9974		10.3333
9975		0
9976		15.5
9977		8
9978		0
9979		0
9980		6.66667
9981		25.5
9982		14.2
9983		0
9984		8
9985		8
9986		0
9987		0
9988		12.6
9989		16.75
9990		8
9991		0
9992		8
9993		0
9994		0
9995		0
9996		12.2857
9997		15.25
9998		0
9999		0
10000		9.33333
