Tile	Output		Total no.	Total no.	avg. latency	avg. latency	average
ID	channel		of packets	of flits	per packet	per flit	throughput
							(clock cycles)	(clock cycles)	(Gbps)
0	South		1001		3005		12.6264		4.20599		12.032
0	East		0		0		0		0		0
0	Core		42		126		8		2.66667		0.514496
1	South		0		0		0		0		0
1	East		0		0		0		0		0
1	West		42		126		7.95238		2.65079		0.514496
1	Core		47		141		8		2.66667		0.567861
2	South		0		0		0		0		0
2	East		0		0		0		0		0
2	West		47		141		8		2.66667		0.567861
2	Core		68		204		8		2.66667		0.819606
3	South		0		0		0		0		0
3	East		45		135		7.88889		2.62963		0.552826
3	West		68		204		7.86765		2.62255		0.819606
3	Core		54		162		8		2.66667		0.661765
4	South		0		0		0		0		0
4	West		0		0		0		0		0
4	Core		45		135		8		2.66667		0.552826
5	North		0		0		0		0		0
5	South		1000		3003		8.081		2.69098		12.03
5	East		0		0		0		0		0
5	Core		48		144		8		2.66667		0.579944
6	North		42		126		7.61905		2.53968		0.514548
6	South		525		1575		10.0305		3.34349		6.32784
6	East		1056		3171		12.893		4.2936		12.7018
6	West		48		144		7.39583		2.46528		0.579944
6	Core		52		156		8		2.66667		0.651289
7	North		47		141		7.57447		2.52482		0.567861
7	South		1142		3426		7.48599		2.49533		13.7205
7	East		1497		4493		39.6059		13.1961		17.99
7	West		667		2001		8.67916		2.89305		8.03453
7	Core		45		135		8		2.66667		0.563498
8	North		167		502		31.8323		10.5896		2.01667
8	South		539		1617		32.3265		10.7755		6.49332
8	East		1549		4649		8.6643		2.88686		18.6258
8	West		845		2537		31.7101		10.5617		10.1785
8	Core		0		0		0		0		0
9	North		0		0		0		0		0
9	South		0		0		0		0		0
9	West		0		0		0		0		0
9	Core		1548		4646		8		2.66552		18.6268
10	North		0		0		0		0		0
10	South		0		0		0		0		0
10	East		0		0		0		0		0
10	Core		1523		4571		20.3073		6.76613		18.3206
11	North		0		0		0		0		0
11	South		39		117		7.89744		2.63248		0.5054
11	East		0		0		0		0		0
11	West		525		1575		15.1524		5.05079		6.32784
11	Core		47		141		8		2.66667		0.601536
12	North		0		0		0		0		0
12	South		93		279		7.94624		2.64875		1.13185
12	East		1055		3166		7.78957		2.5957		12.6932
12	West		86		258		7.31395		2.43798		1.09322
12	Core		49		147		8		2.66667		0.599572
13	North		0		0		0		0		0
13	South		306		919		7.82026		2.60392		3.71952
13	East		43		129		7.62791		2.54264		0.529774
13	West		142		426		7.73944		2.57981		1.72819
13	Core		1101		3304		9.50772		3.16828		13.2584
14	North		0		0		0		0		0
14	South		0		0		0		0		0
14	West		0		0		0		0		0
14	Core		43		129		8		2.66667		0.529774
15	North		0		0		0		0		0
15	South		0		0		0		0		0
15	East		0		0		0		0		0
15	Core		39		117		8		2.66667		0.5054
16	North		0		0		0		0		0
16	South		40		120		7.975		2.65833		0.548697
16	East		0		0		0		0		0
16	West		39		117		8		2.66667		0.5054
16	Core		53		159		8		2.66667		0.64503
17	North		0		0		0		0		0
17	South		38		114		7.97368		2.65789		0.484488
17	East		0		0		0		0		0
17	West		93		279		7.98925		2.66308		1.13185
17	Core		53		159		8		2.66667		0.6743
18	North		0		0		0		0		0
18	South		140		420		7.77143		2.59048		1.73482
18	East		32		96		7.6875		2.5625		0.405234
18	West		91		274		7.79121		2.58759		1.14849
18	Core		42		126		8		2.66667		0.536627
19	North		0		0		0		0		0
19	South		0		0		0		0		0
19	West		0		0		0		0		0
19	Core		32		96		8		2.66667		0.405234
20	North		0		0		0		0		0
20	East		0		0		0		0		0
20	Core		40		120		8		2.66667		0.548697
21	North		0		0		0		0		0
21	East		0		0		0		0		0
21	West		40		120		8		2.66667		0.548697
21	Core		38		114		8		2.66667		0.484488
22	North		0		0		0		0		0
22	East		0		0		0		0		0
22	West		38		114		8		2.66667		0.484488
22	Core		51		153		8		2.66667		0.6399
23	North		0		0		0		0		0
23	East		43		129		7.83721		2.6124		0.566286
23	West		51		153		7.90196		2.63399		0.6399
23	Core		46		138		8		2.66667		0.570779
24	North		0		0		0		0		0
24	West		0		0		0		0		0
24	Core		43		129		8		2.66667		0.566286

Overall average latency per channel (in clock cycles per flit) = 4.83522

Overall average latency per channel(in clock cycles per packet) = 14.512

Overall average latency (in clock cycles per flit) = 48.9739

Total Flits Generated = 15527
Total Flits Received = 15449
